
Chromosome No. 0 : [ 0.46678607 -0.48226223 -0.42454522 ...,  0.22916583 -0.34839971
 -0.34839971]
Objectives (Sil, PBM) : [ 0.29098375  0.86339037]
No. of clusters :  [4, 3]

Predicted Label : [[0, 3, 1, 3, 1, 3, 2, 2, 2, 1, 2, 2, 0, 2, 3, 0, 1, 1, 3, 0, 3, 3, 1, 2, 1, 1, 0, 2, 2, 1, 2, 3, 2, 1, 2, 3, 0, 3, 3, 0, 3, 3, 3, 2, 3, 2, 1, 3, 0, 0, 3, 3, 3, 3, 3, 0, 0, 0, 3, 2, 3, 0, 2, 0, 1, 3, 3, 2, 0, 3, 1, 3, 0, 2, 2, 0, 1, 2, 1, 1, 0, 1, 3, 3, 3, 3, 1, 2, 2, 2, 1, 2, 2, 2, 2, 0, 3, 3, 3, 1, 1, 0, 3, 0, 3, 3, 2, 3, 1, 3, 3, 3, 1, 2, 0, 3, 2, 1, 2, 1, 3, 3, 3, 2, 3, 1, 3, 2, 0, 2, 3, 1, 1, 1, 1, 2, 1, 2, 2, 3, 2, 2, 1, 2, 1, 3, 2, 3, 3, 1, 2, 3, 2, 2, 3, 3, 1, 1, 2, 1, 3, 3, 1, 2, 2, 2, 2, 3, 3, 3, 2, 3, 1, 0, 2, 2, 0, 3, 3, 2, 3, 3, 3, 2, 3, 3, 0, 2, 1, 1, 3, 0, 2, 1, 3, 3, 2, 0, 2, 3, 3, 2, 2, 0, 3, 3, 2, 3, 3, 3, 2, 2, 3, 0, 2, 3, 1, 3, 3, 2, 3, 3, 2, 3, 3, 3, 0, 3, 1, 3, 3, 3, 3, 0, 1, 2, 2, 2, 0, 3, 0, 1, 2, 3, 3, 3, 3, 3, 2, 1, 1, 3, 3, 3, 3, 3, 3, 0, 3, 1, 3, 2, 3, 0, 1, 0, 1, 1, 2, 2, 3, 1, 2, 3, 3, 3, 3, 3, 1, 1, 3, 2, 2, 3, 3, 1, 0, 3, 3, 2, 3, 2, 3, 3, 2, 2, 3, 1, 2, 2, 3, 2, 2, 3, 3, 2, 3, 3, 1, 3, 2, 1, 0, 2, 3, 3, 3, 0, 0, 3, 3, 2, 3, 2, 2, 3, 3, 2, 2, 2, 3, 2, 0, 2, 1, 3, 0, 2, 3, 3, 2, 1, 0, 3, 3, 3, 3, 3, 1, 0, 2, 2, 3, 3, 2, 2, 1, 2, 1, 0, 1, 2, 2, 2, 1, 0, 2, 3, 1, 2, 2, 1, 3, 0, 2, 1, 2, 3, 1, 2, 2, 1, 1, 1, 1, 2, 3, 2, 0, 1, 2, 2, 1, 2, 1, 1, 2, 3, 0, 3, 1, 3, 2, 0, 2, 1, 3, 1, 0, 2, 3, 0, 3, 2, 2, 2, 0, 1, 1, 3, 3, 3, 1, 1, 0, 3, 0, 2, 2, 0, 2, 2, 0, 2, 3, 1, 0, 1, 3, 2, 0, 3, 3, 0, 0, 0, 1, 0, 1, 1, 3, 3, 3, 1, 2, 1, 0, 0, 1, 0, 2, 1, 1, 0, 3, 0, 0, 3, 3, 0, 2, 1, 3, 3, 0, 2, 3, 1, 3, 0, 1, 2, 1, 1, 1, 0, 1, 1, 1, 2, 1, 3, 2, 0, 2, 2, 0, 0, 1, 3, 3, 2, 2, 1, 3, 2, 1, 3, 3, 1, 2, 1, 1, 0, 1, 3, 1, 2, 1, 2, 2, 0, 0, 1, 0, 0, 2, 0, 1, 2, 0, 3, 2, 2, 3, 1, 2, 1, 1, 2, 1, 0, 0, 2, 0, 0, 0, 2, 1, 1, 3, 1, 1, 3, 3, 3, 3, 1, 2, 3, 0, 0, 2, 2, 2, 0, 3, 3, 2, 0, 2, 3, 1, 3, 0, 3, 3, 3, 0, 3, 0, 1, 0, 1, 0, 1, 2, 1, 3, 3, 3, 1, 2, 3, 0, 3, 3, 3, 2, 2, 1, 1, 1, 0, 1, 0, 0, 2, 0, 1, 3, 2, 2, 1, 0, 0, 2, 3, 2, 1, 3, 1, 1, 0, 1, 1, 1, 2, 2, 1, 2, 2, 3, 1, 1, 2, 1, 1, 1, 1, 0, 0, 3, 2, 2, 1, 2, 2, 1, 2, 0, 1, 3, 3, 3, 1, 2, 0, 2, 1, 2, 0, 2, 2, 3, 3, 1, 2, 2, 2, 2, 1, 1, 2, 2, 3, 2, 1, 1, 2, 3, 3, 3], [0, 0, 0, 1, 0, 0, 0, 0, 2]]
MSR, RV and BI Index : 0.2909837502090.8633903737570.156158234102
-------------------------------------------------------------------------------------------------------------------

Chromosome No. 1 : [ 0.64604032  1.44573505  1.3907062  ...,  0.22916583 -0.34839971
 -0.34839971]
Objectives (Sil, PBM) : [ 0.38731615  1.51234934]
No. of clusters :  [26, 3]

Predicted Label : [[3, 17, 3, 14, 1, 12, 15, 22, 2, 3, 22, 11, 4, 22, 0, 7, 3, 3, 17, 3, 18, 14, 3, 22, 15, 24, 3, 11, 8, 24, 22, 16, 22, 3, 11, 25, 1, 18, 14, 16, 10, 7, 25, 11, 14, 11, 1, 14, 16, 4, 14, 0, 7, 17, 14, 16, 17, 4, 14, 11, 7, 6, 11, 16, 3, 14, 16, 22, 4, 9, 22, 18, 17, 22, 11, 5, 15, 11, 22, 3, 3, 22, 0, 0, 14, 14, 3, 11, 22, 23, 3, 11, 22, 22, 20, 3, 0, 18, 7, 6, 3, 17, 9, 16, 12, 12, 11, 14, 22, 17, 18, 10, 15, 8, 4, 0, 8, 3, 22, 3, 10, 17, 25, 11, 18, 3, 17, 20, 4, 22, 0, 3, 3, 6, 3, 23, 3, 23, 20, 17, 8, 11, 17, 11, 7, 0, 22, 17, 25, 5, 8, 17, 11, 22, 0, 12, 3, 3, 2, 3, 0, 0, 3, 13, 23, 22, 11, 0, 17, 10, 22, 25, 3, 17, 22, 8, 3, 12, 17, 22, 14, 0, 25, 22, 12, 0, 3, 22, 3, 3, 14, 1, 8, 3, 12, 10, 22, 3, 22, 0, 7, 22, 22, 3, 0, 12, 22, 0, 12, 25, 11, 22, 25, 4, 22, 10, 15, 14, 18, 11, 14, 12, 22, 10, 14, 12, 4, 17, 6, 0, 25, 0, 17, 4, 1, 22, 22, 22, 1, 12, 17, 6, 8, 18, 17, 10, 7, 14, 23, 3, 3, 14, 18, 10, 12, 18, 7, 4, 17, 14, 16, 22, 14, 3, 14, 4, 3, 3, 11, 22, 16, 3, 22, 18, 17, 18, 10, 0, 3, 14, 0, 8, 22, 17, 12, 14, 5, 18, 25, 22, 0, 22, 18, 17, 22, 22, 25, 15, 11, 8, 7, 8, 13, 17, 12, 11, 14, 16, 3, 18, 22, 6, 17, 11, 14, 17, 17, 3, 4, 17, 17, 8, 18, 22, 13, 17, 17, 22, 20, 8, 10, 8, 5, 13, 21, 14, 5, 22, 7, 0, 11, 3, 4, 0, 25, 17, 9, 18, 15, 4, 22, 11, 0, 12, 8, 13, 3, 8, 3, 5, 3, 8, 11, 13, 1, 4, 8, 18, 1, 20, 20, 23, 17, 4, 11, 3, 11, 12, 3, 13, 11, 3, 3, 5, 3, 8, 0, 23, 4, 15, 8, 11, 3, 11, 22, 3, 11, 12, 3, 14, 21, 10, 11, 4, 20, 1, 10, 6, 4, 23, 10, 4, 14, 11, 11, 11, 1, 3, 23, 17, 17, 7, 5, 5, 5, 18, 15, 8, 8, 21, 20, 8, 5, 13, 25, 1, 5, 23, 12, 20, 19, 18, 25, 5, 5, 5, 15, 19, 5, 5, 25, 14, 14, 5, 11, 24, 19, 19, 5, 5, 23, 5, 5, 5, 12, 5, 5, 9, 12, 5, 13, 24, 10, 21, 4, 8, 14, 24, 12, 21, 24, 13, 5, 3, 3, 3, 3, 3, 3, 8, 23, 0, 8, 5, 20, 8, 3, 5, 24, 12, 12, 13, 13, 23, 14, 8, 5, 17, 18, 3, 23, 5, 3, 19, 24, 14, 3, 22, 3, 11, 22, 3, 3, 3, 19, 3, 23, 5, 3, 11, 3, 12, 13, 24, 12, 3, 22, 1, 15, 23, 6, 4, 5, 11, 3, 3, 3, 22, 3, 3, 25, 3, 3, 17, 12, 10, 12, 3, 11, 25, 3, 3, 11, 11, 22, 3, 12, 12, 23, 21, 8, 12, 3, 7, 5, 12, 14, 17, 5, 14, 3, 3, 4, 3, 4, 3, 13, 3, 25, 18, 12, 5, 8, 10, 5, 18, 25, 9, 11, 24, 4, 3, 3, 3, 3, 4, 19, 8, 5, 15, 14, 15, 20, 5, 4, 3, 8, 14, 23, 23, 25, 4, 5, 5, 5, 3, 3, 8, 20, 3, 8, 8, 9, 3, 15, 11, 3, 3, 3, 3, 3, 7, 12, 8, 11, 3, 11, 11, 1, 8, 5, 3, 16, 25, 12, 1, 22, 5, 11, 4, 11, 5, 8, 20, 0, 12, 3, 8, 8, 8, 8, 6, 5, 2, 8, 12, 23, 23, 23, 20, 25, 14, 12], [0, 0, 0, 1, 0, 0, 0, 0, 2]]
MSR, RV and BI Index : 0.3873161513091.512349336730.154164926687
-------------------------------------------------------------------------------------------------------------------

Chromosome No. 2 : [ 0.64604032  1.44573505  1.3907062  ...,  0.          0.          0.        ]
Objectives (Sil, PBM) : [ 0.58765313  1.64079746]
No. of clusters :  [26, 2]

Predicted Label : [[3, 17, 3, 14, 1, 12, 15, 22, 2, 3, 22, 11, 4, 22, 0, 7, 3, 3, 17, 3, 18, 14, 3, 22, 15, 24, 3, 11, 8, 24, 22, 16, 22, 3, 11, 25, 1, 18, 14, 16, 10, 7, 25, 11, 14, 11, 1, 14, 16, 4, 14, 0, 7, 17, 14, 16, 17, 4, 14, 11, 7, 6, 11, 16, 3, 14, 16, 22, 4, 9, 22, 18, 17, 22, 11, 5, 15, 11, 22, 3, 3, 22, 0, 0, 14, 14, 3, 11, 22, 23, 3, 11, 22, 22, 20, 3, 0, 18, 7, 6, 3, 17, 9, 16, 12, 12, 11, 14, 22, 17, 18, 10, 15, 8, 4, 0, 8, 3, 22, 3, 10, 17, 25, 11, 18, 3, 17, 20, 4, 22, 0, 3, 3, 6, 3, 23, 3, 23, 20, 17, 8, 11, 17, 11, 7, 0, 22, 17, 25, 5, 8, 17, 11, 22, 0, 12, 3, 3, 2, 3, 0, 0, 3, 13, 23, 22, 11, 0, 17, 10, 22, 25, 3, 17, 22, 8, 3, 12, 17, 22, 14, 0, 25, 22, 12, 0, 3, 22, 3, 3, 14, 1, 8, 3, 12, 10, 22, 3, 22, 0, 7, 22, 22, 3, 0, 12, 22, 0, 12, 25, 11, 22, 25, 4, 22, 10, 15, 14, 18, 11, 14, 12, 22, 10, 14, 12, 4, 17, 6, 0, 25, 0, 17, 4, 1, 22, 22, 22, 1, 12, 17, 6, 8, 18, 17, 10, 7, 14, 23, 3, 3, 14, 18, 10, 12, 18, 7, 4, 17, 14, 16, 22, 14, 3, 14, 4, 3, 3, 11, 22, 16, 3, 22, 18, 17, 18, 10, 0, 3, 14, 0, 8, 22, 17, 12, 14, 5, 18, 25, 22, 0, 22, 18, 17, 22, 22, 25, 15, 11, 8, 7, 8, 13, 17, 12, 11, 14, 16, 3, 18, 22, 6, 17, 11, 14, 17, 17, 3, 4, 17, 17, 8, 18, 22, 13, 17, 17, 22, 20, 8, 10, 8, 5, 13, 21, 14, 5, 22, 7, 0, 11, 3, 4, 0, 25, 17, 9, 18, 15, 4, 22, 11, 0, 12, 8, 13, 3, 8, 3, 5, 3, 8, 11, 13, 1, 4, 8, 18, 1, 20, 20, 23, 17, 4, 11, 3, 11, 12, 3, 13, 11, 3, 3, 5, 3, 8, 0, 23, 4, 15, 8, 11, 3, 11, 22, 3, 11, 12, 3, 14, 21, 10, 11, 4, 20, 1, 10, 6, 4, 23, 10, 4, 14, 11, 11, 11, 1, 3, 23, 17, 17, 7, 5, 5, 5, 18, 15, 8, 8, 21, 20, 8, 5, 13, 25, 1, 5, 23, 12, 20, 19, 18, 25, 5, 5, 5, 15, 19, 5, 5, 25, 14, 14, 5, 11, 24, 19, 19, 5, 5, 23, 5, 5, 5, 12, 5, 5, 9, 12, 5, 13, 24, 10, 21, 4, 8, 14, 24, 12, 21, 24, 13, 5, 3, 3, 3, 3, 3, 3, 8, 23, 0, 8, 5, 20, 8, 3, 5, 24, 12, 12, 13, 13, 23, 14, 8, 5, 17, 18, 3, 23, 5, 3, 19, 24, 14, 3, 22, 3, 11, 22, 3, 3, 3, 19, 3, 23, 5, 3, 11, 3, 12, 13, 24, 12, 3, 22, 1, 15, 23, 6, 4, 5, 11, 3, 3, 3, 22, 3, 3, 25, 3, 3, 17, 12, 10, 12, 3, 11, 25, 3, 3, 11, 11, 22, 3, 12, 12, 23, 21, 8, 12, 3, 7, 5, 12, 14, 17, 5, 14, 3, 3, 4, 3, 4, 3, 13, 3, 25, 18, 12, 5, 8, 10, 5, 18, 25, 9, 11, 24, 4, 3, 3, 3, 3, 4, 19, 8, 5, 15, 14, 15, 20, 5, 4, 3, 8, 14, 23, 23, 25, 4, 5, 5, 5, 3, 3, 8, 20, 3, 8, 8, 9, 3, 15, 11, 3, 3, 3, 3, 3, 7, 12, 8, 11, 3, 11, 11, 1, 8, 5, 3, 16, 25, 12, 1, 22, 5, 11, 4, 11, 5, 8, 20, 0, 12, 3, 8, 8, 8, 8, 6, 5, 2, 8, 12, 23, 23, 23, 20, 25, 14, 12], [1, 1, 1, 1, 1, 1, 1, 1, 0]]
MSR, RV and BI Index : 0.5876531291331.640797462940.222528663171
-------------------------------------------------------------------------------------------------------------------

Chromosome No. 3 : [-1.22119144 -0.67772541 -0.66922231 ...,  0.22916583 -0.34839971
 -0.34839971]
Objectives (Sil, PBM) : [ 0.3470526   1.35614532]
No. of clusters :  [19, 3]

Predicted Label : [[16, 7, 16, 14, 16, 18, 2, 10, 9, 1, 0, 15, 2, 10, 4, 14, 1, 16, 7, 17, 7, 8, 15, 0, 2, 6, 1, 15, 0, 6, 10, 4, 10, 15, 15, 18, 17, 7, 7, 14, 4, 7, 8, 0, 7, 0, 16, 7, 14, 2, 14, 11, 7, 14, 4, 14, 7, 17, 14, 0, 8, 14, 0, 14, 16, 8, 4, 10, 13, 11, 10, 7, 14, 10, 0, 3, 16, 15, 10, 1, 16, 10, 4, 11, 7, 7, 16, 5, 0, 15, 16, 0, 10, 0, 15, 16, 11, 18, 8, 2, 16, 14, 11, 9, 7, 18, 0, 7, 10, 7, 7, 8, 10, 0, 17, 4, 12, 16, 10, 16, 8, 7, 8, 0, 4, 16, 7, 12, 13, 10, 18, 15, 5, 16, 1, 15, 1, 15, 15, 14, 0, 15, 7, 0, 14, 4, 0, 7, 18, 1, 0, 7, 0, 10, 4, 4, 16, 16, 9, 16, 4, 11, 16, 0, 15, 0, 0, 18, 7, 8, 10, 4, 16, 7, 0, 0, 17, 18, 7, 10, 18, 11, 18, 10, 18, 18, 1, 0, 16, 16, 7, 3, 0, 15, 4, 8, 0, 16, 0, 18, 4, 0, 0, 6, 18, 18, 0, 18, 18, 4, 0, 0, 18, 17, 10, 8, 2, 7, 7, 0, 7, 4, 0, 8, 7, 18, 14, 7, 5, 4, 4, 4, 7, 3, 10, 10, 10, 0, 16, 18, 7, 16, 0, 7, 7, 4, 8, 7, 15, 15, 16, 7, 7, 18, 4, 7, 8, 13, 7, 7, 4, 0, 7, 16, 7, 14, 16, 15, 0, 0, 4, 16, 10, 7, 7, 7, 18, 11, 5, 14, 4, 0, 0, 7, 7, 14, 3, 7, 4, 0, 11, 0, 7, 4, 0, 0, 4, 10, 15, 0, 8, 0, 0, 7, 18, 12, 7, 4, 16, 7, 0, 15, 14, 0, 14, 7, 7, 16, 3, 7, 7, 0, 7, 0, 0, 7, 7, 0, 15, 0, 8, 0, 3, 0, 2, 7, 3, 10, 14, 18, 0, 5, 14, 4, 4, 14, 11, 7, 5, 13, 10, 15, 18, 18, 0, 0, 5, 0, 1, 3, 15, 0, 0, 0, 3, 13, 0, 4, 10, 15, 15, 9, 7, 17, 15, 1, 0, 4, 15, 0, 0, 15, 16, 1, 15, 0, 4, 15, 13, 15, 0, 0, 13, 0, 10, 15, 0, 8, 16, 7, 2, 8, 0, 17, 12, 10, 8, 16, 13, 15, 18, 13, 14, 0, 15, 0, 5, 1, 3, 7, 7, 4, 1, 13, 1, 7, 3, 0, 0, 3, 15, 0, 1, 0, 18, 6, 1, 15, 18, 5, 17, 7, 18, 13, 13, 3, 1, 3, 1, 1, 4, 7, 7, 1, 0, 6, 3, 6, 1, 1, 15, 1, 1, 1, 18, 6, 3, 11, 18, 13, 0, 6, 18, 2, 17, 0, 7, 6, 18, 2, 6, 0, 1, 1, 1, 17, 1, 1, 16, 0, 15, 4, 0, 1, 15, 0, 1, 1, 6, 18, 18, 0, 0, 15, 7, 0, 1, 7, 7, 15, 15, 1, 16, 13, 6, 7, 13, 0, 15, 15, 10, 16, 16, 1, 1, 1, 15, 1, 1, 15, 1, 18, 15, 6, 4, 15, 0, 10, 2, 15, 14, 6, 3, 15, 1, 16, 16, 0, 15, 16, 18, 16, 1, 7, 18, 8, 18, 15, 0, 4, 16, 1, 0, 0, 0, 13, 7, 7, 15, 3, 0, 18, 1, 7, 1, 7, 7, 7, 13, 7, 1, 1, 17, 15, 13, 15, 0, 1, 18, 7, 4, 1, 0, 18, 1, 7, 18, 11, 15, 15, 13, 15, 1, 1, 15, 17, 3, 0, 6, 5, 4, 15, 15, 1, 13, 1, 0, 14, 15, 13, 18, 13, 1, 3, 3, 15, 15, 0, 15, 15, 0, 0, 11, 15, 5, 0, 1, 1, 16, 15, 1, 14, 7, 0, 0, 16, 0, 0, 15, 0, 3, 16, 14, 18, 18, 10, 10, 13, 0, 13, 0, 1, 0, 15, 18, 18, 16, 0, 0, 0, 0, 15, 1, 9, 0, 7, 15, 15, 5, 15, 4, 7, 7], [0, 0, 0, 1, 0, 0, 0, 0, 2]]
MSR, RV and BI Index : 0.3470526040481.35614531750.147296773875
-------------------------------------------------------------------------------------------------------------------

Chromosome No. 4 : [-1.22119144 -0.67772541 -0.66922231 ...,  0.          0.          0.        ]
Objectives (Sil, PBM) : [ 0.51925612  1.52289858]
No. of clusters :  [19, 2]

Predicted Label : [[16, 7, 16, 14, 16, 18, 2, 10, 9, 1, 0, 15, 2, 10, 4, 14, 1, 16, 7, 17, 7, 8, 15, 0, 2, 6, 1, 15, 0, 6, 10, 4, 10, 15, 15, 18, 17, 7, 7, 14, 4, 7, 8, 0, 7, 0, 16, 7, 14, 2, 14, 11, 7, 14, 4, 14, 7, 17, 14, 0, 8, 14, 0, 14, 16, 8, 4, 10, 13, 11, 10, 7, 14, 10, 0, 3, 16, 15, 10, 1, 16, 10, 4, 11, 7, 7, 16, 5, 0, 15, 16, 0, 10, 0, 15, 16, 11, 18, 8, 2, 16, 14, 11, 9, 7, 18, 0, 7, 10, 7, 7, 8, 10, 0, 17, 4, 12, 16, 10, 16, 8, 7, 8, 0, 4, 16, 7, 12, 13, 10, 18, 15, 5, 16, 1, 15, 1, 15, 15, 14, 0, 15, 7, 0, 14, 4, 0, 7, 18, 1, 0, 7, 0, 10, 4, 4, 16, 16, 9, 16, 4, 11, 16, 0, 15, 0, 0, 18, 7, 8, 10, 4, 16, 7, 0, 0, 17, 18, 7, 10, 18, 11, 18, 10, 18, 18, 1, 0, 16, 16, 7, 3, 0, 15, 4, 8, 0, 16, 0, 18, 4, 0, 0, 6, 18, 18, 0, 18, 18, 4, 0, 0, 18, 17, 10, 8, 2, 7, 7, 0, 7, 4, 0, 8, 7, 18, 14, 7, 5, 4, 4, 4, 7, 3, 10, 10, 10, 0, 16, 18, 7, 16, 0, 7, 7, 4, 8, 7, 15, 15, 16, 7, 7, 18, 4, 7, 8, 13, 7, 7, 4, 0, 7, 16, 7, 14, 16, 15, 0, 0, 4, 16, 10, 7, 7, 7, 18, 11, 5, 14, 4, 0, 0, 7, 7, 14, 3, 7, 4, 0, 11, 0, 7, 4, 0, 0, 4, 10, 15, 0, 8, 0, 0, 7, 18, 12, 7, 4, 16, 7, 0, 15, 14, 0, 14, 7, 7, 16, 3, 7, 7, 0, 7, 0, 0, 7, 7, 0, 15, 0, 8, 0, 3, 0, 2, 7, 3, 10, 14, 18, 0, 5, 14, 4, 4, 14, 11, 7, 5, 13, 10, 15, 18, 18, 0, 0, 5, 0, 1, 3, 15, 0, 0, 0, 3, 13, 0, 4, 10, 15, 15, 9, 7, 17, 15, 1, 0, 4, 15, 0, 0, 15, 16, 1, 15, 0, 4, 15, 13, 15, 0, 0, 13, 0, 10, 15, 0, 8, 16, 7, 2, 8, 0, 17, 12, 10, 8, 16, 13, 15, 18, 13, 14, 0, 15, 0, 5, 1, 3, 7, 7, 4, 1, 13, 1, 7, 3, 0, 0, 3, 15, 0, 1, 0, 18, 6, 1, 15, 18, 5, 17, 7, 18, 13, 13, 3, 1, 3, 1, 1, 4, 7, 7, 1, 0, 6, 3, 6, 1, 1, 15, 1, 1, 1, 18, 6, 3, 11, 18, 13, 0, 6, 18, 2, 17, 0, 7, 6, 18, 2, 6, 0, 1, 1, 1, 17, 1, 1, 16, 0, 15, 4, 0, 1, 15, 0, 1, 1, 6, 18, 18, 0, 0, 15, 7, 0, 1, 7, 7, 15, 15, 1, 16, 13, 6, 7, 13, 0, 15, 15, 10, 16, 16, 1, 1, 1, 15, 1, 1, 15, 1, 18, 15, 6, 4, 15, 0, 10, 2, 15, 14, 6, 3, 15, 1, 16, 16, 0, 15, 16, 18, 16, 1, 7, 18, 8, 18, 15, 0, 4, 16, 1, 0, 0, 0, 13, 7, 7, 15, 3, 0, 18, 1, 7, 1, 7, 7, 7, 13, 7, 1, 1, 17, 15, 13, 15, 0, 1, 18, 7, 4, 1, 0, 18, 1, 7, 18, 11, 15, 15, 13, 15, 1, 1, 15, 17, 3, 0, 6, 5, 4, 15, 15, 1, 13, 1, 0, 14, 15, 13, 18, 13, 1, 3, 3, 15, 15, 0, 15, 15, 0, 0, 11, 15, 5, 0, 1, 1, 16, 15, 1, 14, 7, 0, 0, 16, 0, 0, 15, 0, 3, 16, 14, 18, 18, 10, 10, 13, 0, 13, 0, 1, 0, 15, 18, 18, 16, 0, 0, 0, 0, 15, 1, 9, 0, 7, 15, 15, 5, 15, 4, 7, 7], [1, 1, 1, 1, 1, 1, 1, 1, 0]]
MSR, RV and BI Index : 0.5192561195641.522898575740.205817278806
-------------------------------------------------------------------------------------------------------------------

Chromosome No. 5 : [ 0.22983436 -0.56835195 -0.50737708 ...,  0.          0.          0.        ]
Objectives (Sil, PBM) : [ 2.62039605  2.62039605]
No. of clusters :  [25, 2]

Predicted Label : [array([ 0, 16,  3, 10,  3, 20, 19, 19, 11,  3, 19, 19,  9, 19, 13,  6,  3,
        3,  5,  0, 18, 15,  3, 19,  9,  3,  0, 19, 19,  3, 19,  8, 19,  3,
       19,  1,  0, 17,  6, 24,  8,  6,  1, 19, 10, 19,  3, 10, 24,  9, 10,
       22,  8, 10, 10, 24, 16, 24,  9, 19,  8,  9, 19, 11,  3,  6, 12, 19,
        0,  4, 19, 18, 24, 19, 19,  0,  3, 19, 19,  3,  0,  3, 14, 21, 16,
       23,  3, 19, 19,  3,  3, 19, 19, 19, 19,  0, 21, 23,  6,  9,  3, 24,
        4, 11,  2, 13, 19, 15, 19,  5, 18,  8,  3, 19, 24, 12, 19,  3, 19,
        3,  8, 16, 13, 19, 12,  3, 16,  6,  0, 19, 13,  3,  3,  0,  3,  3,
        3,  3, 19, 24, 19, 19, 16, 19,  6, 22, 19, 16,  1,  3, 19, 16, 19,
       19, 14, 15,  3,  3, 11,  3, 13,  7,  3, 19,  3, 19, 19, 14,  5, 13,
       19,  1,  3, 16, 19, 19,  0, 23,  5, 19, 23,  7, 23, 19, 20, 13,  0,
       19,  3,  3, 15,  0, 19,  3, 15,  8, 19,  0, 19, 14,  8, 19, 19,  0,
       14, 20, 19, 14, 20,  1, 19, 19,  1,  0, 19, 15,  3,  5, 15, 19, 15,
        1, 19, 20, 15, 15, 24,  5,  9, 21,  1,  7,  5,  0,  3, 19, 19, 19,
        0, 20,  5,  9, 19, 18, 16,  8,  8, 16,  3,  3,  3, 16, 18, 22, 15,
       18, 13,  0,  5, 16, 12, 19, 10,  0, 16, 24,  3,  3, 19, 19, 12,  3,
       19, 17,  5, 17, 20,  7,  3,  9, 13, 19, 19,  5,  2,  9,  0, 18,  1,
       19,  7, 19, 18, 10, 19, 19,  1,  3, 19, 19, 13, 19, 19, 16, 23, 19,
        6, 12,  3, 17, 19,  3,  5, 19, 10,  5,  5,  0,  0, 16,  5, 19, 17,
       19, 19,  5,  5, 19, 19, 19, 13, 19,  0, 19, 17,  9,  0, 19,  6, 13,
       19,  3, 24, 22,  1, 24,  4,  2,  3,  0, 19, 19, 14, 23, 19, 19,  0,
       19,  3,  0,  3, 19, 19, 19,  3,  0, 19, 15,  3, 19, 19,  3,  5,  0,
       19,  0, 19, 15,  3, 19, 19,  3,  3,  3,  3, 19, 22,  3,  0,  3, 19,
       19,  3, 19, 19,  3, 19, 20,  0,  5,  9,  8, 19,  0, 19,  3,  8,  0,
        0,  3, 20,  0, 10, 19, 19, 19,  0,  0,  3,  2,  5, 10,  3,  0,  0,
       18,  0, 19, 19,  0, 19, 19,  0, 19, 23,  3,  0,  3, 23, 19, 24, 15,
        1,  0,  0,  0,  3,  0,  3,  3,  1, 15, 15,  3, 19,  3,  0,  0,  3,
        0,  3,  3,  3,  0, 23,  0,  0,  4, 15,  0, 19,  3, 22, 17,  0, 19,
        2,  3,  2, 17,  3, 19,  3,  3,  3,  0,  3,  3,  3, 19,  3, 14, 19,
        0, 19, 19,  0,  0,  3, 23, 23, 19, 19,  3,  2, 19,  3,  5, 18,  3,
        3,  3,  3,  0,  3, 15,  3, 19,  3, 19, 19,  0,  0,  3,  0,  0,  3,
        0,  3, 19,  0, 23, 19,  3, 15,  3, 19,  3,  0,  3,  9,  0,  0, 19,
        0,  0,  0, 19,  3,  3, 23,  3,  3, 16, 20,  8, 15,  3, 19,  1,  0,
        0, 19, 19, 19,  0,  2, 15,  3,  0, 19, 20,  0,  2,  0,  2, 23,  5,
        0,  2,  0,  3,  0,  3,  0,  3, 19,  3,  1, 18, 15,  3, 19, 20,  0,
       18,  2,  7, 19, 19,  0,  3,  3,  0,  3, 24,  0, 19,  0,  3, 13, 19,
       19,  3,  0,  0, 19, 10,  3,  3,  1,  0,  3,  0,  3,  3,  3, 19, 19,
        3, 19, 19,  4,  3,  3, 19,  0,  3,  3,  3,  0,  6,  2, 19, 19,  3,
       19, 19,  3, 19,  0,  3,  1,  1,  2,  3, 19,  0, 19,  0, 19,  0, 19,
       19, 14,  2,  0, 19, 19, 19, 19,  3,  3, 11, 19,  2,  3,  3,  3, 19,
        1,  2,  2], dtype=int32), array([0, 0, 0, 0, 1, 0, 0, 0, 1], dtype=int32)]
MSR, RV and BI Index : 2.620396048682.620396048680.723787125343
-------------------------------------------------------------------------------------------------------------------

Chromosome No. 6 : [ 0.23646709 -0.61349246 -0.53431084 ...,  0.          0.          0.        ]
Objectives (Sil, PBM) : [ 2.12763949  2.12763949]
No. of clusters :  [22, 2]

Predicted Label : [array([ 0,  3, 21, 19, 21,  9, 20, 20,  7, 21, 20, 20, 16, 20, 18, 12, 21,
       21, 11,  0,  6,  2, 21, 20, 17, 21,  0, 20,  7, 21, 20, 13, 20, 21,
       20,  5, 16,  6, 17, 12, 13, 15,  5,  7,  3, 20, 21, 19, 12, 16,  2,
       18, 13, 12, 19, 12,  3, 12, 17, 20, 13, 17, 20, 10, 21,  3, 10, 20,
        0,  8, 16,  6, 12, 20, 20,  0, 21, 20, 16, 21,  0, 16, 18,  8,  3,
       18, 21, 20, 20, 21, 21, 20, 20, 20,  7,  0,  8, 18, 19, 16, 21, 12,
       14, 10, 11, 18, 20,  2, 16, 11,  6, 13, 16,  7, 12, 18,  7, 21, 20,
       21, 13,  3,  9, 20,  6, 21,  3,  7,  0, 20, 18, 21, 21,  0, 21, 21,
       21, 21,  7, 12,  7, 20,  3, 20, 17,  8, 20,  3,  5, 21,  7, 11, 20,
       20,  1,  2, 21, 21,  7, 21, 18, 14, 21,  7, 21, 20, 20,  1, 11, 13,
       20, 19, 21,  3, 20,  7,  0,  9, 11, 20,  9, 14,  9, 20,  5, 18,  0,
       20, 21, 21,  2,  0,  7, 21,  2, 13, 20,  0, 20,  1, 19, 20, 20,  0,
        1,  9, 20,  1,  9, 19, 20, 20,  5,  0, 20, 13, 21, 11,  2, 20,  2,
        4, 20,  5,  2,  9, 12, 11, 16,  8, 19, 14, 11,  0, 21, 20, 20, 20,
        0,  9, 11, 16,  7,  6,  3, 13, 13,  3, 21, 21, 21,  3,  6,  1,  9,
        6, 15,  0, 11, 11, 10, 20,  2,  0, 11, 12, 21, 21, 20, 20, 10, 21,
       20,  6, 11,  6,  1, 14, 21, 17, 18,  7, 20, 11,  6, 17,  0,  2, 19,
       20, 14, 20,  6,  2, 20, 20,  4, 16, 20,  7, 15,  7, 20,  3,  9, 20,
       17, 10, 21,  6, 20, 21, 12, 20, 19, 11, 11,  0,  0,  3, 11,  7,  6,
       20, 20, 11,  2, 20,  7,  7, 18,  7,  0,  7, 15, 17,  0, 20, 17, 18,
       20, 21, 16, 14, 19, 12, 14, 18, 21, 16, 20, 20,  1,  9,  7, 20,  0,
        7, 21,  0, 21,  7, 20, 20, 21, 16,  7,  2, 16,  7,  7,  7, 11, 16,
       20,  0, 20,  2, 21,  7, 20, 21, 21, 21, 21,  7,  1, 21,  0, 21,  7,
       20, 21, 20, 20, 21, 20,  5,  0,  2, 16, 13, 20, 16,  7, 16, 13, 16,
        0, 21,  5,  0, 19, 20, 20, 20,  0,  0, 21, 11, 11, 19, 21,  0,  0,
        6,  0,  7,  7,  0,  7,  7,  0,  7,  9, 21,  0, 21,  9,  7, 12,  2,
        5,  0,  0,  0, 21,  0, 21, 21,  5,  2,  2, 21, 20, 21,  0,  0, 21,
        0, 21, 21, 21,  0,  9,  0,  0, 14,  9,  0,  7, 21,  1,  6, 16,  7,
       11, 21,  9,  6, 21,  7, 21, 21, 21,  0, 21, 21, 21,  7, 21, 14,  7,
        0,  7,  7,  0,  0, 21,  9,  9,  7, 20, 21, 11,  7, 21, 12,  6, 21,
       21, 21, 21,  0, 21,  2, 21, 20, 21, 20, 20,  0,  0, 21,  0,  0, 21,
        0, 21, 20,  0,  9,  7, 21,  2, 21, 20, 16, 16, 21, 17,  0,  0, 20,
        0,  0,  0, 20, 21, 21,  9, 21, 21,  3,  5, 13,  9, 21, 20, 19,  0,
        0, 20, 20, 20,  0,  9,  9, 21,  0,  7,  9,  0, 15,  0,  4,  9, 11,
        0, 11,  0, 21,  0, 21,  0, 21, 20, 21, 17,  6,  2, 21,  7, 13,  0,
        6,  4, 14, 20, 20,  0, 21, 21,  0, 21, 16,  0,  7,  0, 21, 18,  7,
        7, 21,  0,  0,  7, 19, 21, 21,  5,  0, 21,  0, 21, 21, 21,  7,  7,
       21,  7,  7, 14, 21, 21, 20,  0, 21, 21, 21,  0, 17, 11,  7, 20, 21,
       20, 20, 21,  7,  0, 21, 19,  9,  4, 21, 20,  0, 20,  0, 20,  0,  7,
        7,  1,  9,  0,  7,  7,  7,  7, 21, 21,  7,  7,  4, 21, 21, 21,  7,
       19,  4,  4], dtype=int32), array([0, 0, 0, 0, 1, 0, 0, 0, 1], dtype=int32)]
MSR, RV and BI Index : 2.127639487612.127639487610.680270055433
-------------------------------------------------------------------------------------------------------------------

Chromosome No. 7 : [ 1.08483978  1.94234041  1.73613268 ...,  0.22916583 -0.34839971
 -0.34839971]
Objectives (Sil, PBM) : [ 0.36874962  1.27070046]
No. of clusters :  [24, 3]

Predicted Label : [[5, 6, 8, 16, 1, 19, 12, 9, 21, 1, 17, 4, 13, 4, 10, 16, 1, 1, 10, 5, 10, 16, 8, 4, 6, 8, 1, 4, 2, 8, 4, 16, 4, 8, 4, 19, 5, 23, 6, 7, 0, 20, 19, 4, 6, 4, 1, 16, 7, 13, 16, 18, 0, 16, 16, 7, 6, 7, 6, 4, 0, 16, 4, 21, 1, 6, 18, 4, 5, 18, 9, 10, 7, 9, 9, 13, 8, 4, 17, 1, 5, 5, 18, 18, 6, 11, 1, 4, 4, 14, 1, 4, 4, 4, 2, 5, 18, 10, 16, 15, 5, 7, 18, 7, 10, 11, 4, 6, 17, 16, 10, 0, 8, 12, 7, 18, 3, 8, 9, 1, 0, 6, 11, 4, 10, 8, 10, 3, 5, 4, 11, 8, 8, 5, 1, 14, 1, 14, 2, 16, 12, 4, 6, 4, 3, 18, 17, 6, 19, 14, 2, 23, 4, 4, 18, 10, 1, 8, 21, 1, 10, 18, 8, 2, 14, 4, 4, 18, 6, 0, 4, 19, 1, 6, 17, 2, 5, 11, 6, 17, 11, 18, 11, 9, 19, 19, 1, 4, 8, 1, 6, 13, 2, 8, 10, 0, 4, 5, 4, 11, 16, 17, 17, 5, 18, 11, 4, 19, 11, 11, 4, 4, 11, 5, 4, 19, 15, 6, 10, 4, 10, 11, 17, 19, 6, 11, 7, 10, 8, 18, 16, 18, 6, 13, 8, 4, 17, 4, 5, 11, 7, 1, 2, 10, 6, 0, 0, 6, 14, 8, 8, 16, 10, 0, 11, 10, 20, 5, 16, 6, 18, 4, 6, 5, 6, 7, 8, 8, 4, 4, 18, 8, 4, 23, 6, 10, 19, 18, 8, 6, 10, 2, 4, 10, 10, 6, 13, 10, 11, 4, 18, 4, 10, 10, 4, 4, 11, 17, 4, 2, 20, 2, 17, 6, 11, 3, 6, 6, 8, 23, 4, 8, 6, 4, 16, 6, 6, 5, 13, 6, 6, 2, 23, 4, 17, 6, 6, 4, 2, 2, 0, 2, 13, 2, 23, 6, 13, 4, 16, 11, 4, 1, 7, 18, 16, 7, 18, 23, 15, 13, 4, 4, 18, 11, 2, 9, 22, 2, 1, 1, 8, 2, 4, 17, 13, 13, 2, 10, 8, 2, 2, 22, 6, 13, 4, 1, 4, 10, 8, 2, 9, 8, 8, 14, 8, 2, 18, 14, 13, 12, 2, 4, 1, 4, 9, 8, 4, 19, 5, 6, 15, 0, 4, 5, 3, 15, 0, 5, 5, 14, 19, 13, 16, 4, 4, 4, 13, 1, 22, 16, 16, 16, 14, 13, 14, 10, 13, 2, 2, 13, 2, 2, 14, 2, 11, 1, 14, 22, 11, 22, 7, 10, 19, 14, 14, 13, 12, 13, 14, 14, 19, 6, 6, 14, 4, 8, 13, 14, 14, 14, 14, 14, 14, 14, 11, 14, 13, 18, 11, 14, 2, 8, 18, 23, 5, 2, 6, 1, 11, 23, 8, 2, 14, 1, 1, 5, 1, 1, 1, 2, 22, 18, 12, 14, 2, 2, 1, 14, 8, 11, 11, 2, 17, 14, 6, 2, 14, 6, 10, 8, 14, 14, 1, 13, 1, 6, 1, 17, 8, 4, 9, 5, 5, 1, 1, 1, 14, 14, 1, 9, 1, 11, 2, 14, 10, 8, 4, 9, 15, 14, 5, 13, 13, 4, 1, 5, 5, 4, 8, 1, 11, 8, 1, 16, 19, 0, 11, 8, 4, 16, 5, 1, 4, 4, 4, 1, 11, 11, 14, 13, 2, 19, 1, 20, 14, 16, 6, 6, 14, 6, 1, 1, 5, 8, 13, 8, 17, 1, 11, 6, 16, 14, 2, 0, 14, 10, 11, 18, 22, 17, 1, 8, 1, 1, 8, 5, 13, 2, 1, 15, 11, 12, 2, 14, 13, 1, 2, 16, 14, 14, 19, 13, 14, 13, 14, 8, 8, 2, 2, 8, 2, 2, 18, 8, 15, 4, 1, 1, 8, 8, 1, 16, 10, 2, 4, 1, 9, 9, 8, 2, 13, 8, 16, 11, 11, 8, 4, 13, 4, 14, 4, 14, 2, 2, 18, 11, 5, 2, 2, 2, 2, 8, 14, 21, 2, 16, 14, 8, 14, 2, 19, 6, 11], [0, 0, 0, 1, 0, 0, 0, 0, 2]]
MSR, RV and BI Index : 0.3687496247781.270700455380.162394658399
-------------------------------------------------------------------------------------------------------------------

Chromosome No. 8 : [-0.97076271 -0.60618614 -0.62359049 ...,  0.22916583 -0.34839971
 -0.34839971]
Objectives (Sil, PBM) : [ 0.38893824  1.31137774]
No. of clusters :  [21, 3]

Predicted Label : [[2, 6, 7, 14, 2, 19, 0, 7, 16, 20, 7, 8, 10, 7, 1, 6, 20, 2, 12, 2, 1, 4, 20, 7, 10, 20, 2, 8, 16, 8, 7, 14, 7, 20, 8, 11, 2, 1, 6, 18, 6, 6, 11, 5, 6, 5, 2, 14, 9, 10, 14, 3, 6, 14, 14, 9, 6, 12, 14, 5, 14, 15, 5, 17, 2, 15, 3, 7, 2, 3, 7, 1, 12, 7, 5, 2, 7, 8, 7, 20, 2, 7, 3, 3, 6, 19, 2, 8, 7, 13, 2, 5, 7, 7, 13, 2, 3, 19, 15, 10, 2, 6, 3, 17, 12, 19, 5, 4, 7, 12, 1, 6, 2, 0, 9, 3, 0, 7, 7, 2, 14, 6, 19, 5, 1, 8, 12, 0, 2, 7, 19, 20, 20, 2, 20, 13, 20, 13, 13, 12, 0, 8, 6, 0, 15, 3, 7, 6, 11, 20, 16, 6, 5, 7, 3, 4, 2, 8, 16, 2, 19, 3, 8, 16, 13, 7, 5, 3, 12, 19, 7, 11, 2, 6, 7, 16, 2, 19, 12, 7, 19, 3, 19, 7, 11, 19, 2, 7, 8, 2, 4, 10, 16, 20, 4, 6, 7, 2, 7, 19, 14, 7, 7, 2, 3, 19, 7, 19, 19, 11, 5, 7, 11, 2, 7, 15, 20, 12, 4, 5, 4, 4, 7, 11, 4, 19, 9, 12, 2, 3, 14, 3, 12, 10, 7, 7, 7, 7, 2, 19, 12, 2, 16, 1, 12, 6, 14, 6, 13, 20, 8, 6, 1, 3, 4, 1, 1, 2, 12, 6, 3, 7, 14, 2, 6, 9, 2, 20, 5, 7, 17, 8, 7, 1, 12, 1, 19, 3, 20, 18, 19, 16, 7, 12, 19, 18, 9, 18, 4, 7, 3, 7, 1, 14, 7, 7, 11, 7, 8, 16, 1, 16, 5, 6, 19, 0, 6, 6, 8, 1, 7, 20, 18, 5, 14, 12, 12, 2, 2, 6, 12, 16, 1, 7, 5, 12, 18, 7, 13, 16, 19, 16, 9, 16, 10, 18, 20, 7, 15, 19, 5, 20, 9, 3, 14, 12, 3, 1, 0, 9, 7, 8, 3, 19, 16, 5, 20, 16, 20, 2, 20, 16, 5, 5, 10, 9, 16, 4, 2, 13, 13, 13, 12, 9, 8, 2, 5, 4, 20, 16, 5, 20, 8, 20, 20, 16, 3, 13, 2, 13, 16, 5, 20, 5, 7, 20, 5, 11, 2, 12, 10, 6, 5, 2, 0, 10, 19, 2, 2, 13, 19, 9, 14, 5, 8, 5, 10, 2, 13, 6, 12, 14, 20, 20, 20, 1, 10, 16, 16, 10, 13, 16, 20, 16, 19, 20, 20, 13, 19, 13, 9, 1, 11, 20, 20, 20, 0, 9, 20, 20, 11, 4, 4, 20, 5, 8, 9, 20, 20, 20, 13, 20, 20, 20, 19, 20, 10, 3, 4, 20, 16, 8, 19, 10, 2, 16, 6, 20, 19, 10, 8, 16, 20, 20, 20, 2, 20, 20, 2, 16, 13, 3, 0, 20, 13, 16, 2, 20, 8, 19, 19, 16, 5, 13, 6, 16, 20, 12, 1, 20, 13, 20, 2, 9, 20, 18, 20, 7, 20, 8, 7, 2, 2, 20, 2, 2, 13, 20, 20, 8, 2, 19, 13, 13, 4, 20, 7, 7, 2, 13, 2, 2, 20, 8, 2, 2, 2, 7, 20, 2, 19, 2, 20, 6, 19, 6, 4, 20, 5, 11, 2, 2, 5, 5, 7, 2, 19, 4, 13, 10, 16, 19, 2, 1, 20, 11, 19, 12, 20, 6, 2, 20, 2, 20, 20, 20, 5, 20, 11, 1, 4, 20, 16, 19, 20, 1, 11, 3, 8, 8, 20, 20, 20, 2, 20, 10, 9, 16, 2, 0, 19, 0, 13, 20, 9, 2, 16, 14, 13, 13, 11, 10, 20, 20, 20, 20, 20, 16, 13, 20, 16, 16, 3, 20, 0, 5, 2, 20, 8, 20, 2, 15, 19, 16, 5, 2, 5, 5, 20, 16, 9, 8, 14, 11, 19, 7, 7, 20, 5, 20, 5, 20, 16, 13, 3, 19, 2, 16, 16, 16, 16, 20, 20, 17, 16, 14, 13, 13, 13, 13, 11, 11, 19], [0, 0, 0, 1, 0, 0, 0, 0, 2]]
MSR, RV and BI Index : 0.3889382410621.311377740380.168271171894
-------------------------------------------------------------------------------------------------------------------

Chromosome No. 9 : [-0.97076271 -0.60618614 -0.62359049 ...,  0.          0.          0.        ]
Objectives (Sil, PBM) : [ 0.57606001  1.43509073]
No. of clusters :  [21, 2]

Predicted Label : [[2, 6, 7, 14, 2, 19, 0, 7, 16, 20, 7, 8, 10, 7, 1, 6, 20, 2, 12, 2, 1, 4, 20, 7, 10, 20, 2, 8, 16, 8, 7, 14, 7, 20, 8, 11, 2, 1, 6, 18, 6, 6, 11, 5, 6, 5, 2, 14, 9, 10, 14, 3, 6, 14, 14, 9, 6, 12, 14, 5, 14, 15, 5, 17, 2, 15, 3, 7, 2, 3, 7, 1, 12, 7, 5, 2, 7, 8, 7, 20, 2, 7, 3, 3, 6, 19, 2, 8, 7, 13, 2, 5, 7, 7, 13, 2, 3, 19, 15, 10, 2, 6, 3, 17, 12, 19, 5, 4, 7, 12, 1, 6, 2, 0, 9, 3, 0, 7, 7, 2, 14, 6, 19, 5, 1, 8, 12, 0, 2, 7, 19, 20, 20, 2, 20, 13, 20, 13, 13, 12, 0, 8, 6, 0, 15, 3, 7, 6, 11, 20, 16, 6, 5, 7, 3, 4, 2, 8, 16, 2, 19, 3, 8, 16, 13, 7, 5, 3, 12, 19, 7, 11, 2, 6, 7, 16, 2, 19, 12, 7, 19, 3, 19, 7, 11, 19, 2, 7, 8, 2, 4, 10, 16, 20, 4, 6, 7, 2, 7, 19, 14, 7, 7, 2, 3, 19, 7, 19, 19, 11, 5, 7, 11, 2, 7, 15, 20, 12, 4, 5, 4, 4, 7, 11, 4, 19, 9, 12, 2, 3, 14, 3, 12, 10, 7, 7, 7, 7, 2, 19, 12, 2, 16, 1, 12, 6, 14, 6, 13, 20, 8, 6, 1, 3, 4, 1, 1, 2, 12, 6, 3, 7, 14, 2, 6, 9, 2, 20, 5, 7, 17, 8, 7, 1, 12, 1, 19, 3, 20, 18, 19, 16, 7, 12, 19, 18, 9, 18, 4, 7, 3, 7, 1, 14, 7, 7, 11, 7, 8, 16, 1, 16, 5, 6, 19, 0, 6, 6, 8, 1, 7, 20, 18, 5, 14, 12, 12, 2, 2, 6, 12, 16, 1, 7, 5, 12, 18, 7, 13, 16, 19, 16, 9, 16, 10, 18, 20, 7, 15, 19, 5, 20, 9, 3, 14, 12, 3, 1, 0, 9, 7, 8, 3, 19, 16, 5, 20, 16, 20, 2, 20, 16, 5, 5, 10, 9, 16, 4, 2, 13, 13, 13, 12, 9, 8, 2, 5, 4, 20, 16, 5, 20, 8, 20, 20, 16, 3, 13, 2, 13, 16, 5, 20, 5, 7, 20, 5, 11, 2, 12, 10, 6, 5, 2, 0, 10, 19, 2, 2, 13, 19, 9, 14, 5, 8, 5, 10, 2, 13, 6, 12, 14, 20, 20, 20, 1, 10, 16, 16, 10, 13, 16, 20, 16, 19, 20, 20, 13, 19, 13, 9, 1, 11, 20, 20, 20, 0, 9, 20, 20, 11, 4, 4, 20, 5, 8, 9, 20, 20, 20, 13, 20, 20, 20, 19, 20, 10, 3, 4, 20, 16, 8, 19, 10, 2, 16, 6, 20, 19, 10, 8, 16, 20, 20, 20, 2, 20, 20, 2, 16, 13, 3, 0, 20, 13, 16, 2, 20, 8, 19, 19, 16, 5, 13, 6, 16, 20, 12, 1, 20, 13, 20, 2, 9, 20, 18, 20, 7, 20, 8, 7, 2, 2, 20, 2, 2, 13, 20, 20, 8, 2, 19, 13, 13, 4, 20, 7, 7, 2, 13, 2, 2, 20, 8, 2, 2, 2, 7, 20, 2, 19, 2, 20, 6, 19, 6, 4, 20, 5, 11, 2, 2, 5, 5, 7, 2, 19, 4, 13, 10, 16, 19, 2, 1, 20, 11, 19, 12, 20, 6, 2, 20, 2, 20, 20, 20, 5, 20, 11, 1, 4, 20, 16, 19, 20, 1, 11, 3, 8, 8, 20, 20, 20, 2, 20, 10, 9, 16, 2, 0, 19, 0, 13, 20, 9, 2, 16, 14, 13, 13, 11, 10, 20, 20, 20, 20, 20, 16, 13, 20, 16, 16, 3, 20, 0, 5, 2, 20, 8, 20, 2, 15, 19, 16, 5, 2, 5, 5, 20, 16, 9, 8, 14, 11, 19, 7, 7, 20, 5, 20, 5, 20, 16, 13, 3, 19, 2, 16, 16, 16, 16, 20, 20, 17, 16, 14, 13, 13, 13, 13, 11, 11, 19], [1, 1, 1, 1, 1, 1, 1, 1, 0]]
MSR, RV and BI Index : 0.5760600068111.435090732450.236566136585
-------------------------------------------------------------------------------------------------------------------

Chromosome No. 10 : [ 0.38576874  0.11500529  0.11820322 ...,  0.22916583 -0.34839971
 -0.34839971]
Objectives (Sil, PBM) : [ 0.38476475  1.19130512]
No. of clusters :  [2, 3]

Predicted Label : [[1, 0, 1, 0, 1, 0, 1, 1, 1, 1, 1, 1, 0, 1, 0, 0, 1, 1, 0, 1, 0, 0, 1, 1, 0, 1, 1, 1, 1, 1, 1, 0, 1, 1, 1, 0, 1, 0, 0, 0, 0, 0, 0, 1, 0, 1, 1, 0, 0, 0, 0, 0, 0, 0, 0, 0, 0, 0, 0, 1, 0, 0, 1, 0, 1, 0, 0, 1, 1, 0, 1, 0, 0, 1, 1, 1, 1, 1, 1, 1, 1, 1, 0, 0, 0, 0, 1, 1, 1, 1, 1, 1, 1, 1, 1, 1, 0, 0, 0, 1, 1, 0, 0, 0, 0, 0, 1, 0, 1, 0, 0, 0, 1, 1, 0, 0, 1, 1, 1, 1, 0, 0, 0, 1, 0, 1, 0, 1, 1, 1, 0, 1, 1, 1, 1, 1, 1, 1, 1, 0, 1, 1, 0, 1, 0, 0, 1, 0, 0, 1, 1, 0, 1, 1, 0, 0, 1, 1, 1, 1, 0, 0, 1, 1, 1, 1, 1, 0, 0, 0, 1, 0, 1, 0, 1, 1, 1, 0, 0, 1, 0, 0, 0, 1, 0, 0, 1, 1, 1, 1, 0, 1, 1, 1, 0, 0, 1, 1, 1, 0, 0, 1, 1, 1, 0, 0, 1, 0, 0, 0, 1, 1, 0, 0, 1, 0, 1, 0, 0, 1, 0, 0, 1, 0, 0, 0, 0, 0, 1, 0, 0, 0, 0, 0, 1, 1, 1, 1, 1, 0, 0, 1, 1, 0, 0, 0, 0, 0, 1, 1, 1, 0, 0, 0, 0, 0, 0, 1, 0, 0, 0, 1, 0, 1, 0, 0, 1, 1, 1, 1, 0, 1, 1, 0, 0, 0, 0, 0, 1, 0, 0, 1, 1, 0, 0, 0, 0, 0, 0, 1, 0, 1, 0, 0, 1, 1, 0, 1, 1, 1, 0, 1, 1, 0, 0, 1, 0, 0, 1, 0, 1, 1, 0, 1, 0, 0, 0, 1, 1, 0, 0, 1, 0, 1, 1, 0, 0, 1, 1, 1, 0, 1, 0, 1, 0, 0, 1, 1, 0, 0, 1, 1, 0, 0, 0, 0, 0, 0, 1, 1, 1, 1, 0, 0, 1, 1, 1, 1, 1, 1, 1, 1, 1, 1, 1, 0, 1, 0, 1, 1, 1, 1, 0, 0, 1, 1, 1, 0, 1, 1, 1, 1, 1, 1, 1, 1, 0, 1, 1, 1, 1, 1, 1, 1, 1, 1, 1, 0, 1, 0, 0, 0, 1, 0, 1, 1, 0, 1, 1, 1, 0, 0, 0, 1, 1, 1, 1, 1, 1, 0, 0, 0, 1, 1, 1, 0, 0, 1, 1, 1, 1, 1, 1, 1, 0, 1, 1, 1, 0, 1, 0, 0, 0, 1, 1, 1, 1, 1, 1, 1, 0, 0, 0, 1, 1, 1, 1, 1, 1, 1, 1, 1, 1, 1, 0, 1, 1, 0, 0, 1, 1, 1, 0, 0, 0, 1, 0, 1, 0, 0, 1, 1, 1, 1, 1, 1, 1, 1, 1, 1, 1, 0, 1, 1, 1, 1, 1, 1, 1, 0, 0, 1, 1, 1, 0, 1, 1, 0, 0, 1, 1, 1, 1, 0, 1, 0, 1, 1, 1, 1, 1, 1, 1, 1, 1, 1, 1, 1, 1, 1, 1, 0, 1, 1, 0, 1, 1, 1, 1, 1, 1, 1, 1, 1, 1, 1, 1, 1, 1, 1, 0, 1, 1, 0, 0, 0, 0, 1, 1, 0, 1, 1, 1, 1, 1, 1, 0, 0, 1, 1, 1, 0, 1, 0, 1, 0, 0, 0, 1, 0, 1, 1, 1, 1, 1, 1, 1, 1, 0, 0, 0, 1, 1, 0, 1, 0, 0, 0, 1, 1, 1, 1, 1, 1, 1, 0, 0, 1, 1, 1, 0, 1, 1, 1, 0, 1, 1, 0, 1, 1, 0, 1, 1, 1, 1, 1, 1, 1, 1, 1, 1, 1, 0, 1, 1, 1, 1, 1, 1, 1, 1, 0, 0, 1, 1, 1, 1, 1, 1, 1, 1, 1, 0, 0, 0, 1, 1, 1, 1, 1, 1, 1, 1, 1, 0, 0, 1, 1, 1, 1, 1, 1, 1, 1, 1, 0, 1, 1, 1, 1, 0, 0, 0], [0, 0, 0, 1, 0, 0, 0, 0, 2]]
MSR, RV and BI Index : 0.3847647465531.191305121660.175587024714
-------------------------------------------------------------------------------------------------------------------

Chromosome No. 11 : [ 1.08483978  1.94234041  1.73613268 ...,  0.          0.          0.        ]
Objectives (Sil, PBM) : [ 0.56251978  1.28715883]
No. of clusters :  [24, 2]

Predicted Label : [[5, 6, 8, 16, 1, 19, 12, 9, 21, 1, 17, 4, 13, 4, 10, 16, 1, 1, 10, 5, 10, 16, 8, 4, 6, 8, 1, 4, 2, 8, 4, 16, 4, 8, 4, 19, 5, 23, 6, 7, 0, 20, 19, 4, 6, 4, 1, 16, 7, 13, 16, 18, 0, 16, 16, 7, 6, 7, 6, 4, 0, 16, 4, 21, 1, 6, 18, 4, 5, 18, 9, 10, 7, 9, 9, 13, 8, 4, 17, 1, 5, 5, 18, 18, 6, 11, 1, 4, 4, 14, 1, 4, 4, 4, 2, 5, 18, 10, 16, 15, 5, 7, 18, 7, 10, 11, 4, 6, 17, 16, 10, 0, 8, 12, 7, 18, 3, 8, 9, 1, 0, 6, 11, 4, 10, 8, 10, 3, 5, 4, 11, 8, 8, 5, 1, 14, 1, 14, 2, 16, 12, 4, 6, 4, 3, 18, 17, 6, 19, 14, 2, 23, 4, 4, 18, 10, 1, 8, 21, 1, 10, 18, 8, 2, 14, 4, 4, 18, 6, 0, 4, 19, 1, 6, 17, 2, 5, 11, 6, 17, 11, 18, 11, 9, 19, 19, 1, 4, 8, 1, 6, 13, 2, 8, 10, 0, 4, 5, 4, 11, 16, 17, 17, 5, 18, 11, 4, 19, 11, 11, 4, 4, 11, 5, 4, 19, 15, 6, 10, 4, 10, 11, 17, 19, 6, 11, 7, 10, 8, 18, 16, 18, 6, 13, 8, 4, 17, 4, 5, 11, 7, 1, 2, 10, 6, 0, 0, 6, 14, 8, 8, 16, 10, 0, 11, 10, 20, 5, 16, 6, 18, 4, 6, 5, 6, 7, 8, 8, 4, 4, 18, 8, 4, 23, 6, 10, 19, 18, 8, 6, 10, 2, 4, 10, 10, 6, 13, 10, 11, 4, 18, 4, 10, 10, 4, 4, 11, 17, 4, 2, 20, 2, 17, 6, 11, 3, 6, 6, 8, 23, 4, 8, 6, 4, 16, 6, 6, 5, 13, 6, 6, 2, 23, 4, 17, 6, 6, 4, 2, 2, 0, 2, 13, 2, 23, 6, 13, 4, 16, 11, 4, 1, 7, 18, 16, 7, 18, 23, 15, 13, 4, 4, 18, 11, 2, 9, 22, 2, 1, 1, 8, 2, 4, 17, 13, 13, 2, 10, 8, 2, 2, 22, 6, 13, 4, 1, 4, 10, 8, 2, 9, 8, 8, 14, 8, 2, 18, 14, 13, 12, 2, 4, 1, 4, 9, 8, 4, 19, 5, 6, 15, 0, 4, 5, 3, 15, 0, 5, 5, 14, 19, 13, 16, 4, 4, 4, 13, 1, 22, 16, 16, 16, 14, 13, 14, 10, 13, 2, 2, 13, 2, 2, 14, 2, 11, 1, 14, 22, 11, 22, 7, 10, 19, 14, 14, 13, 12, 13, 14, 14, 19, 6, 6, 14, 4, 8, 13, 14, 14, 14, 14, 14, 14, 14, 11, 14, 13, 18, 11, 14, 2, 8, 18, 23, 5, 2, 6, 1, 11, 23, 8, 2, 14, 1, 1, 5, 1, 1, 1, 2, 22, 18, 12, 14, 2, 2, 1, 14, 8, 11, 11, 2, 17, 14, 6, 2, 14, 6, 10, 8, 14, 14, 1, 13, 1, 6, 1, 17, 8, 4, 9, 5, 5, 1, 1, 1, 14, 14, 1, 9, 1, 11, 2, 14, 10, 8, 4, 9, 15, 14, 5, 13, 13, 4, 1, 5, 5, 4, 8, 1, 11, 8, 1, 16, 19, 0, 11, 8, 4, 16, 5, 1, 4, 4, 4, 1, 11, 11, 14, 13, 2, 19, 1, 20, 14, 16, 6, 6, 14, 6, 1, 1, 5, 8, 13, 8, 17, 1, 11, 6, 16, 14, 2, 0, 14, 10, 11, 18, 22, 17, 1, 8, 1, 1, 8, 5, 13, 2, 1, 15, 11, 12, 2, 14, 13, 1, 2, 16, 14, 14, 19, 13, 14, 13, 14, 8, 8, 2, 2, 8, 2, 2, 18, 8, 15, 4, 1, 1, 8, 8, 1, 16, 10, 2, 4, 1, 9, 9, 8, 2, 13, 8, 16, 11, 11, 8, 4, 13, 4, 14, 4, 14, 2, 2, 18, 11, 5, 2, 2, 2, 2, 8, 14, 21, 2, 16, 14, 8, 14, 2, 19, 6, 11], [1, 1, 1, 1, 1, 1, 1, 1, 0]]
MSR, RV and BI Index : 0.5625197823151.287158829870.245946969212
-------------------------------------------------------------------------------------------------------------------

Chromosome No. 12 : [ 0.64604032  1.44573505  1.3907062  ...,  0.          0.          0.        ]
Objectives (Sil, PBM) : [ 1.39026305  1.39026305]
No. of clusters :  [26, 2]

Predicted Label : [[3, 17, 3, 14, 1, 12, 15, 22, 2, 3, 22, 11, 4, 22, 0, 7, 3, 3, 17, 3, 18, 14, 3, 22, 15, 24, 3, 11, 8, 24, 22, 16, 22, 3, 11, 25, 1, 18, 14, 16, 10, 7, 25, 11, 14, 11, 1, 14, 16, 4, 14, 0, 7, 17, 14, 16, 17, 4, 14, 11, 7, 6, 11, 16, 3, 14, 16, 22, 4, 9, 22, 18, 17, 22, 11, 5, 15, 11, 22, 3, 3, 22, 0, 0, 14, 14, 3, 11, 22, 23, 3, 11, 22, 22, 20, 3, 0, 18, 7, 6, 3, 17, 9, 16, 12, 12, 11, 14, 22, 17, 18, 10, 15, 8, 4, 0, 8, 3, 22, 3, 10, 17, 25, 11, 18, 3, 17, 20, 4, 22, 0, 3, 3, 6, 3, 23, 3, 23, 20, 17, 8, 11, 17, 11, 7, 0, 22, 17, 25, 5, 8, 17, 11, 22, 0, 12, 3, 3, 2, 3, 0, 0, 3, 13, 23, 22, 11, 0, 17, 10, 22, 25, 3, 17, 22, 8, 3, 12, 17, 22, 14, 0, 25, 22, 12, 0, 3, 22, 3, 3, 14, 1, 8, 3, 12, 10, 22, 3, 22, 0, 7, 22, 22, 3, 0, 12, 22, 0, 12, 25, 11, 22, 25, 4, 22, 10, 15, 14, 18, 11, 14, 12, 22, 10, 14, 12, 4, 17, 6, 0, 25, 0, 17, 4, 1, 22, 22, 22, 1, 12, 17, 6, 8, 18, 17, 10, 7, 14, 23, 3, 3, 14, 18, 10, 12, 18, 7, 4, 17, 14, 16, 22, 14, 3, 14, 4, 3, 3, 11, 22, 16, 3, 22, 18, 17, 18, 10, 0, 3, 14, 0, 8, 22, 17, 12, 14, 5, 18, 25, 22, 0, 22, 18, 17, 22, 22, 25, 15, 11, 8, 7, 8, 13, 17, 12, 11, 14, 16, 3, 18, 22, 6, 17, 11, 14, 17, 17, 3, 4, 17, 17, 8, 18, 22, 13, 17, 17, 22, 20, 8, 10, 8, 5, 13, 21, 14, 5, 22, 7, 0, 11, 3, 4, 0, 25, 17, 9, 18, 15, 4, 22, 11, 0, 12, 8, 13, 3, 8, 3, 5, 3, 8, 11, 13, 1, 4, 8, 18, 1, 20, 20, 23, 17, 4, 11, 3, 11, 12, 3, 13, 11, 3, 3, 5, 3, 8, 0, 23, 4, 15, 8, 11, 3, 11, 22, 3, 11, 12, 3, 14, 21, 10, 11, 4, 20, 1, 10, 6, 4, 23, 10, 4, 14, 11, 11, 11, 1, 3, 23, 17, 17, 7, 5, 5, 5, 18, 15, 8, 8, 21, 20, 8, 5, 13, 25, 1, 5, 23, 12, 20, 19, 18, 25, 5, 5, 5, 15, 19, 5, 5, 25, 14, 14, 5, 11, 24, 19, 19, 5, 5, 23, 5, 5, 5, 12, 5, 5, 9, 12, 5, 13, 24, 10, 21, 4, 8, 14, 24, 12, 21, 24, 13, 5, 3, 3, 3, 3, 3, 3, 8, 23, 0, 8, 5, 20, 8, 3, 5, 24, 12, 12, 13, 13, 23, 14, 8, 5, 17, 18, 3, 23, 5, 3, 19, 24, 14, 3, 22, 3, 11, 22, 3, 3, 3, 19, 3, 23, 5, 3, 11, 3, 12, 13, 24, 12, 3, 22, 1, 15, 23, 6, 4, 5, 11, 3, 3, 3, 22, 3, 3, 25, 3, 3, 17, 12, 10, 12, 3, 11, 25, 3, 3, 11, 11, 22, 3, 12, 12, 23, 21, 8, 12, 3, 7, 5, 12, 14, 17, 5, 14, 3, 3, 4, 3, 4, 3, 13, 3, 25, 18, 12, 5, 8, 10, 5, 18, 25, 9, 11, 24, 4, 3, 3, 3, 3, 4, 19, 8, 5, 15, 14, 15, 20, 5, 4, 3, 8, 14, 23, 23, 25, 4, 5, 5, 5, 3, 3, 8, 20, 3, 8, 8, 9, 3, 15, 11, 3, 3, 3, 3, 3, 7, 12, 8, 11, 3, 11, 11, 1, 8, 5, 3, 16, 25, 12, 1, 22, 5, 11, 4, 11, 5, 8, 20, 0, 12, 3, 8, 8, 8, 8, 6, 5, 2, 8, 12, 23, 23, 23, 20, 25, 14, 12], [0, 1, 1, 1, 1, 1, 1, 1, 0]]
MSR, RV and BI Index : 1.390263047481.390263047480.581636004015
-------------------------------------------------------------------------------------------------------------------

Chromosome No. 13 : [-0.97076271 -0.60618614 -0.62359049 ...,  0.          0.          0.        ]
Objectives (Sil, PBM) : [ 1.32107785  1.32107785]
No. of clusters :  [21, 2]

Predicted Label : [[2, 6, 7, 14, 2, 19, 0, 7, 16, 20, 7, 8, 10, 7, 1, 6, 20, 2, 12, 2, 1, 4, 20, 7, 10, 20, 2, 8, 16, 8, 7, 14, 7, 20, 8, 11, 2, 1, 6, 18, 6, 6, 11, 5, 6, 5, 2, 14, 9, 10, 14, 3, 6, 14, 14, 9, 6, 12, 14, 5, 14, 15, 5, 17, 2, 15, 3, 7, 2, 3, 7, 1, 12, 7, 5, 2, 7, 8, 7, 20, 2, 7, 3, 3, 6, 19, 2, 8, 7, 13, 2, 5, 7, 7, 13, 2, 3, 19, 15, 10, 2, 6, 3, 17, 12, 19, 5, 4, 7, 12, 1, 6, 2, 0, 9, 3, 0, 7, 7, 2, 14, 6, 19, 5, 1, 8, 12, 0, 2, 7, 19, 20, 20, 2, 20, 13, 20, 13, 13, 12, 0, 8, 6, 0, 15, 3, 7, 6, 11, 20, 16, 6, 5, 7, 3, 4, 2, 8, 16, 2, 19, 3, 8, 16, 13, 7, 5, 3, 12, 19, 7, 11, 2, 6, 7, 16, 2, 19, 12, 7, 19, 3, 19, 7, 11, 19, 2, 7, 8, 2, 4, 10, 16, 20, 4, 6, 7, 2, 7, 19, 14, 7, 7, 2, 3, 19, 7, 19, 19, 11, 5, 7, 11, 2, 7, 15, 20, 12, 4, 5, 4, 4, 7, 11, 4, 19, 9, 12, 2, 3, 14, 3, 12, 10, 7, 7, 7, 7, 2, 19, 12, 2, 16, 1, 12, 6, 14, 6, 13, 20, 8, 6, 1, 3, 4, 1, 1, 2, 12, 6, 3, 7, 14, 2, 6, 9, 2, 20, 5, 7, 17, 8, 7, 1, 12, 1, 19, 3, 20, 18, 19, 16, 7, 12, 19, 18, 9, 18, 4, 7, 3, 7, 1, 14, 7, 7, 11, 7, 8, 16, 1, 16, 5, 6, 19, 0, 6, 6, 8, 1, 7, 20, 18, 5, 14, 12, 12, 2, 2, 6, 12, 16, 1, 7, 5, 12, 18, 7, 13, 16, 19, 16, 9, 16, 10, 18, 20, 7, 15, 19, 5, 20, 9, 3, 14, 12, 3, 1, 0, 9, 7, 8, 3, 19, 16, 5, 20, 16, 20, 2, 20, 16, 5, 5, 10, 9, 16, 4, 2, 13, 13, 13, 12, 9, 8, 2, 5, 4, 20, 16, 5, 20, 8, 20, 20, 16, 3, 13, 2, 13, 16, 5, 20, 5, 7, 20, 5, 11, 2, 12, 10, 6, 5, 2, 0, 10, 19, 2, 2, 13, 19, 9, 14, 5, 8, 5, 10, 2, 13, 6, 12, 14, 20, 20, 20, 1, 10, 16, 16, 10, 13, 16, 20, 16, 19, 20, 20, 13, 19, 13, 9, 1, 11, 20, 20, 20, 0, 9, 20, 20, 11, 4, 4, 20, 5, 8, 9, 20, 20, 20, 13, 20, 20, 20, 19, 20, 10, 3, 4, 20, 16, 8, 19, 10, 2, 16, 6, 20, 19, 10, 8, 16, 20, 20, 20, 2, 20, 20, 2, 16, 13, 3, 0, 20, 13, 16, 2, 20, 8, 19, 19, 16, 5, 13, 6, 16, 20, 12, 1, 20, 13, 20, 2, 9, 20, 18, 20, 7, 20, 8, 7, 2, 2, 20, 2, 2, 13, 20, 20, 8, 2, 19, 13, 13, 4, 20, 7, 7, 2, 13, 2, 2, 20, 8, 2, 2, 2, 7, 20, 2, 19, 2, 20, 6, 19, 6, 4, 20, 5, 11, 2, 2, 5, 5, 7, 2, 19, 4, 13, 10, 16, 19, 2, 1, 20, 11, 19, 12, 20, 6, 2, 20, 2, 20, 20, 20, 5, 20, 11, 1, 4, 20, 16, 19, 20, 1, 11, 3, 8, 8, 20, 20, 20, 2, 20, 10, 9, 16, 2, 0, 19, 0, 13, 20, 9, 2, 16, 14, 13, 13, 11, 10, 20, 20, 20, 20, 20, 16, 13, 20, 16, 16, 3, 20, 0, 5, 2, 20, 8, 20, 2, 15, 19, 16, 5, 2, 5, 5, 20, 16, 9, 8, 14, 11, 19, 7, 7, 20, 5, 20, 5, 20, 16, 13, 3, 19, 2, 16, 16, 16, 16, 20, 20, 17, 16, 14, 13, 13, 13, 13, 11, 11, 19], [0, 1, 1, 1, 1, 1, 1, 1, 0]]
MSR, RV and BI Index : 1.321077845971.321077845970.569165678034
-------------------------------------------------------------------------------------------------------------------

Chromosome No. 14 : [ 0.46678607 -0.48226223 -0.42454522 ...,  0.          0.          0.        ]
Objectives (Sil, PBM) : [ 0.43585181  0.86297667]
No. of clusters :  [4, 2]

Predicted Label : [[0, 3, 1, 3, 1, 3, 2, 2, 2, 1, 2, 2, 0, 2, 3, 0, 1, 1, 3, 0, 3, 3, 1, 2, 1, 1, 0, 2, 2, 1, 2, 3, 2, 1, 2, 3, 0, 3, 3, 0, 3, 3, 3, 2, 3, 2, 1, 3, 0, 0, 3, 3, 3, 3, 3, 0, 0, 0, 3, 2, 3, 0, 2, 0, 1, 3, 3, 2, 0, 3, 1, 3, 0, 2, 2, 0, 1, 2, 1, 1, 0, 1, 3, 3, 3, 3, 1, 2, 2, 2, 1, 2, 2, 2, 2, 0, 3, 3, 3, 1, 1, 0, 3, 0, 3, 3, 2, 3, 1, 3, 3, 3, 1, 2, 0, 3, 2, 1, 2, 1, 3, 3, 3, 2, 3, 1, 3, 2, 0, 2, 3, 1, 1, 1, 1, 2, 1, 2, 2, 3, 2, 2, 1, 2, 1, 3, 2, 3, 3, 1, 2, 3, 2, 2, 3, 3, 1, 1, 2, 1, 3, 3, 1, 2, 2, 2, 2, 3, 3, 3, 2, 3, 1, 0, 2, 2, 0, 3, 3, 2, 3, 3, 3, 2, 3, 3, 0, 2, 1, 1, 3, 0, 2, 1, 3, 3, 2, 0, 2, 3, 3, 2, 2, 0, 3, 3, 2, 3, 3, 3, 2, 2, 3, 0, 2, 3, 1, 3, 3, 2, 3, 3, 2, 3, 3, 3, 0, 3, 1, 3, 3, 3, 3, 0, 1, 2, 2, 2, 0, 3, 0, 1, 2, 3, 3, 3, 3, 3, 2, 1, 1, 3, 3, 3, 3, 3, 3, 0, 3, 1, 3, 2, 3, 0, 1, 0, 1, 1, 2, 2, 3, 1, 2, 3, 3, 3, 3, 3, 1, 1, 3, 2, 2, 3, 3, 1, 0, 3, 3, 2, 3, 2, 3, 3, 2, 2, 3, 1, 2, 2, 3, 2, 2, 3, 3, 2, 3, 3, 1, 3, 2, 1, 0, 2, 3, 3, 3, 0, 0, 3, 3, 2, 3, 2, 2, 3, 3, 2, 2, 2, 3, 2, 0, 2, 1, 3, 0, 2, 3, 3, 2, 1, 0, 3, 3, 3, 3, 3, 1, 0, 2, 2, 3, 3, 2, 2, 1, 2, 1, 0, 1, 2, 2, 2, 1, 0, 2, 3, 1, 2, 2, 1, 3, 0, 2, 1, 2, 3, 1, 2, 2, 1, 1, 1, 1, 2, 3, 2, 0, 1, 2, 2, 1, 2, 1, 1, 2, 3, 0, 3, 1, 3, 2, 0, 2, 1, 3, 1, 0, 2, 3, 0, 3, 2, 2, 2, 0, 1, 1, 3, 3, 3, 1, 1, 0, 3, 0, 2, 2, 0, 2, 2, 0, 2, 3, 1, 0, 1, 3, 2, 0, 3, 3, 0, 0, 0, 1, 0, 1, 1, 3, 3, 3, 1, 2, 1, 0, 0, 1, 0, 2, 1, 1, 0, 3, 0, 0, 3, 3, 0, 2, 1, 3, 3, 0, 2, 3, 1, 3, 0, 1, 2, 1, 1, 1, 0, 1, 1, 1, 2, 1, 3, 2, 0, 2, 2, 0, 0, 1, 3, 3, 2, 2, 1, 3, 2, 1, 3, 3, 1, 2, 1, 1, 0, 1, 3, 1, 2, 1, 2, 2, 0, 0, 1, 0, 0, 2, 0, 1, 2, 0, 3, 2, 2, 3, 1, 2, 1, 1, 2, 1, 0, 0, 2, 0, 0, 0, 2, 1, 1, 3, 1, 1, 3, 3, 3, 3, 1, 2, 3, 0, 0, 2, 2, 2, 0, 3, 3, 2, 0, 2, 3, 1, 3, 0, 3, 3, 3, 0, 3, 0, 1, 0, 1, 0, 1, 2, 1, 3, 3, 3, 1, 2, 3, 0, 3, 3, 3, 2, 2, 1, 1, 1, 0, 1, 0, 0, 2, 0, 1, 3, 2, 2, 1, 0, 0, 2, 3, 2, 1, 3, 1, 1, 0, 1, 1, 1, 2, 2, 1, 2, 2, 3, 1, 1, 2, 1, 1, 1, 1, 0, 0, 3, 2, 2, 1, 2, 2, 1, 2, 0, 1, 3, 3, 3, 1, 2, 0, 2, 1, 2, 0, 2, 2, 3, 3, 1, 2, 2, 2, 2, 1, 1, 2, 2, 3, 2, 1, 1, 2, 3, 3, 3], [1, 1, 1, 1, 1, 1, 1, 1, 0]]
MSR, RV and BI Index : 0.4358518056450.8629766730.23395451589
-------------------------------------------------------------------------------------------------------------------

Chromosome No. 15 : [ 0.64604032  1.44573505  1.3907062  ...,  0.63635353  0.88198271
  0.9735279 ]
Objectives (Sil, PBM) : [ 0.82697451  1.24991147]
No. of clusters :  [26, 3]

Predicted Label : [[3, 17, 3, 14, 1, 12, 15, 22, 2, 3, 22, 11, 4, 22, 0, 7, 3, 3, 17, 3, 18, 14, 3, 22, 15, 24, 3, 11, 8, 24, 22, 16, 22, 3, 11, 25, 1, 18, 14, 16, 10, 7, 25, 11, 14, 11, 1, 14, 16, 4, 14, 0, 7, 17, 14, 16, 17, 4, 14, 11, 7, 6, 11, 16, 3, 14, 16, 22, 4, 9, 22, 18, 17, 22, 11, 5, 15, 11, 22, 3, 3, 22, 0, 0, 14, 14, 3, 11, 22, 23, 3, 11, 22, 22, 20, 3, 0, 18, 7, 6, 3, 17, 9, 16, 12, 12, 11, 14, 22, 17, 18, 10, 15, 8, 4, 0, 8, 3, 22, 3, 10, 17, 25, 11, 18, 3, 17, 20, 4, 22, 0, 3, 3, 6, 3, 23, 3, 23, 20, 17, 8, 11, 17, 11, 7, 0, 22, 17, 25, 5, 8, 17, 11, 22, 0, 12, 3, 3, 2, 3, 0, 0, 3, 13, 23, 22, 11, 0, 17, 10, 22, 25, 3, 17, 22, 8, 3, 12, 17, 22, 14, 0, 25, 22, 12, 0, 3, 22, 3, 3, 14, 1, 8, 3, 12, 10, 22, 3, 22, 0, 7, 22, 22, 3, 0, 12, 22, 0, 12, 25, 11, 22, 25, 4, 22, 10, 15, 14, 18, 11, 14, 12, 22, 10, 14, 12, 4, 17, 6, 0, 25, 0, 17, 4, 1, 22, 22, 22, 1, 12, 17, 6, 8, 18, 17, 10, 7, 14, 23, 3, 3, 14, 18, 10, 12, 18, 7, 4, 17, 14, 16, 22, 14, 3, 14, 4, 3, 3, 11, 22, 16, 3, 22, 18, 17, 18, 10, 0, 3, 14, 0, 8, 22, 17, 12, 14, 5, 18, 25, 22, 0, 22, 18, 17, 22, 22, 25, 15, 11, 8, 7, 8, 13, 17, 12, 11, 14, 16, 3, 18, 22, 6, 17, 11, 14, 17, 17, 3, 4, 17, 17, 8, 18, 22, 13, 17, 17, 22, 20, 8, 10, 8, 5, 13, 21, 14, 5, 22, 7, 0, 11, 3, 4, 0, 25, 17, 9, 18, 15, 4, 22, 11, 0, 12, 8, 13, 3, 8, 3, 5, 3, 8, 11, 13, 1, 4, 8, 18, 1, 20, 20, 23, 17, 4, 11, 3, 11, 12, 3, 13, 11, 3, 3, 5, 3, 8, 0, 23, 4, 15, 8, 11, 3, 11, 22, 3, 11, 12, 3, 14, 21, 10, 11, 4, 20, 1, 10, 6, 4, 23, 10, 4, 14, 11, 11, 11, 1, 3, 23, 17, 17, 7, 5, 5, 5, 18, 15, 8, 8, 21, 20, 8, 5, 13, 25, 1, 5, 23, 12, 20, 19, 18, 25, 5, 5, 5, 15, 19, 5, 5, 25, 14, 14, 5, 11, 24, 19, 19, 5, 5, 23, 5, 5, 5, 12, 5, 5, 9, 12, 5, 13, 24, 10, 21, 4, 8, 14, 24, 12, 21, 24, 13, 5, 3, 3, 3, 3, 3, 3, 8, 23, 0, 8, 5, 20, 8, 3, 5, 24, 12, 12, 13, 13, 23, 14, 8, 5, 17, 18, 3, 23, 5, 3, 19, 24, 14, 3, 22, 3, 11, 22, 3, 3, 3, 19, 3, 23, 5, 3, 11, 3, 12, 13, 24, 12, 3, 22, 1, 15, 23, 6, 4, 5, 11, 3, 3, 3, 22, 3, 3, 25, 3, 3, 17, 12, 10, 12, 3, 11, 25, 3, 3, 11, 11, 22, 3, 12, 12, 23, 21, 8, 12, 3, 7, 5, 12, 14, 17, 5, 14, 3, 3, 4, 3, 4, 3, 13, 3, 25, 18, 12, 5, 8, 10, 5, 18, 25, 9, 11, 24, 4, 3, 3, 3, 3, 4, 19, 8, 5, 15, 14, 15, 20, 5, 4, 3, 8, 14, 23, 23, 25, 4, 5, 5, 5, 3, 3, 8, 20, 3, 8, 8, 9, 3, 15, 11, 3, 3, 3, 3, 3, 7, 12, 8, 11, 3, 11, 11, 1, 8, 5, 3, 16, 25, 12, 1, 22, 5, 11, 4, 11, 5, 8, 20, 0, 12, 3, 8, 8, 8, 8, 6, 5, 2, 8, 12, 23, 23, 23, 20, 25, 14, 12], [2, 1, 1, 0, 1, 2, 2, 1, 1]]
MSR, RV and BI Index : 0.8269745105841.249911473470.367558688569
-------------------------------------------------------------------------------------------------------------------

Chromosome No. 16 : [-1.22119144 -0.67772541 -0.66922231 ...,  0.          0.          0.        ]
Objectives (Sil, PBM) : [ 1.26364172  1.26364172]
No. of clusters :  [19, 2]

Predicted Label : [[16, 7, 16, 14, 16, 18, 2, 10, 9, 1, 0, 15, 2, 10, 4, 14, 1, 16, 7, 17, 7, 8, 15, 0, 2, 6, 1, 15, 0, 6, 10, 4, 10, 15, 15, 18, 17, 7, 7, 14, 4, 7, 8, 0, 7, 0, 16, 7, 14, 2, 14, 11, 7, 14, 4, 14, 7, 17, 14, 0, 8, 14, 0, 14, 16, 8, 4, 10, 13, 11, 10, 7, 14, 10, 0, 3, 16, 15, 10, 1, 16, 10, 4, 11, 7, 7, 16, 5, 0, 15, 16, 0, 10, 0, 15, 16, 11, 18, 8, 2, 16, 14, 11, 9, 7, 18, 0, 7, 10, 7, 7, 8, 10, 0, 17, 4, 12, 16, 10, 16, 8, 7, 8, 0, 4, 16, 7, 12, 13, 10, 18, 15, 5, 16, 1, 15, 1, 15, 15, 14, 0, 15, 7, 0, 14, 4, 0, 7, 18, 1, 0, 7, 0, 10, 4, 4, 16, 16, 9, 16, 4, 11, 16, 0, 15, 0, 0, 18, 7, 8, 10, 4, 16, 7, 0, 0, 17, 18, 7, 10, 18, 11, 18, 10, 18, 18, 1, 0, 16, 16, 7, 3, 0, 15, 4, 8, 0, 16, 0, 18, 4, 0, 0, 6, 18, 18, 0, 18, 18, 4, 0, 0, 18, 17, 10, 8, 2, 7, 7, 0, 7, 4, 0, 8, 7, 18, 14, 7, 5, 4, 4, 4, 7, 3, 10, 10, 10, 0, 16, 18, 7, 16, 0, 7, 7, 4, 8, 7, 15, 15, 16, 7, 7, 18, 4, 7, 8, 13, 7, 7, 4, 0, 7, 16, 7, 14, 16, 15, 0, 0, 4, 16, 10, 7, 7, 7, 18, 11, 5, 14, 4, 0, 0, 7, 7, 14, 3, 7, 4, 0, 11, 0, 7, 4, 0, 0, 4, 10, 15, 0, 8, 0, 0, 7, 18, 12, 7, 4, 16, 7, 0, 15, 14, 0, 14, 7, 7, 16, 3, 7, 7, 0, 7, 0, 0, 7, 7, 0, 15, 0, 8, 0, 3, 0, 2, 7, 3, 10, 14, 18, 0, 5, 14, 4, 4, 14, 11, 7, 5, 13, 10, 15, 18, 18, 0, 0, 5, 0, 1, 3, 15, 0, 0, 0, 3, 13, 0, 4, 10, 15, 15, 9, 7, 17, 15, 1, 0, 4, 15, 0, 0, 15, 16, 1, 15, 0, 4, 15, 13, 15, 0, 0, 13, 0, 10, 15, 0, 8, 16, 7, 2, 8, 0, 17, 12, 10, 8, 16, 13, 15, 18, 13, 14, 0, 15, 0, 5, 1, 3, 7, 7, 4, 1, 13, 1, 7, 3, 0, 0, 3, 15, 0, 1, 0, 18, 6, 1, 15, 18, 5, 17, 7, 18, 13, 13, 3, 1, 3, 1, 1, 4, 7, 7, 1, 0, 6, 3, 6, 1, 1, 15, 1, 1, 1, 18, 6, 3, 11, 18, 13, 0, 6, 18, 2, 17, 0, 7, 6, 18, 2, 6, 0, 1, 1, 1, 17, 1, 1, 16, 0, 15, 4, 0, 1, 15, 0, 1, 1, 6, 18, 18, 0, 0, 15, 7, 0, 1, 7, 7, 15, 15, 1, 16, 13, 6, 7, 13, 0, 15, 15, 10, 16, 16, 1, 1, 1, 15, 1, 1, 15, 1, 18, 15, 6, 4, 15, 0, 10, 2, 15, 14, 6, 3, 15, 1, 16, 16, 0, 15, 16, 18, 16, 1, 7, 18, 8, 18, 15, 0, 4, 16, 1, 0, 0, 0, 13, 7, 7, 15, 3, 0, 18, 1, 7, 1, 7, 7, 7, 13, 7, 1, 1, 17, 15, 13, 15, 0, 1, 18, 7, 4, 1, 0, 18, 1, 7, 18, 11, 15, 15, 13, 15, 1, 1, 15, 17, 3, 0, 6, 5, 4, 15, 15, 1, 13, 1, 0, 14, 15, 13, 18, 13, 1, 3, 3, 15, 15, 0, 15, 15, 0, 0, 11, 15, 5, 0, 1, 1, 16, 15, 1, 14, 7, 0, 0, 16, 0, 0, 15, 0, 3, 16, 14, 18, 18, 10, 10, 13, 0, 13, 0, 1, 0, 15, 18, 18, 16, 0, 0, 0, 0, 15, 1, 9, 0, 7, 15, 15, 5, 15, 4, 7, 7], [0, 1, 1, 1, 1, 1, 1, 1, 0]]
MSR, RV and BI Index : 1.26364172381.26364172380.558233977805
-------------------------------------------------------------------------------------------------------------------

Chromosome No. 17 : [ 0.38576874  0.11500529  0.11820322 ...,  0.          0.          0.        ]
Objectives (Sil, PBM) : [ 0.5790416   1.19654917]
No. of clusters :  [2, 2]

Predicted Label : [[1, 0, 1, 0, 1, 0, 1, 1, 1, 1, 1, 1, 0, 1, 0, 0, 1, 1, 0, 1, 0, 0, 1, 1, 0, 1, 1, 1, 1, 1, 1, 0, 1, 1, 1, 0, 1, 0, 0, 0, 0, 0, 0, 1, 0, 1, 1, 0, 0, 0, 0, 0, 0, 0, 0, 0, 0, 0, 0, 1, 0, 0, 1, 0, 1, 0, 0, 1, 1, 0, 1, 0, 0, 1, 1, 1, 1, 1, 1, 1, 1, 1, 0, 0, 0, 0, 1, 1, 1, 1, 1, 1, 1, 1, 1, 1, 0, 0, 0, 1, 1, 0, 0, 0, 0, 0, 1, 0, 1, 0, 0, 0, 1, 1, 0, 0, 1, 1, 1, 1, 0, 0, 0, 1, 0, 1, 0, 1, 1, 1, 0, 1, 1, 1, 1, 1, 1, 1, 1, 0, 1, 1, 0, 1, 0, 0, 1, 0, 0, 1, 1, 0, 1, 1, 0, 0, 1, 1, 1, 1, 0, 0, 1, 1, 1, 1, 1, 0, 0, 0, 1, 0, 1, 0, 1, 1, 1, 0, 0, 1, 0, 0, 0, 1, 0, 0, 1, 1, 1, 1, 0, 1, 1, 1, 0, 0, 1, 1, 1, 0, 0, 1, 1, 1, 0, 0, 1, 0, 0, 0, 1, 1, 0, 0, 1, 0, 1, 0, 0, 1, 0, 0, 1, 0, 0, 0, 0, 0, 1, 0, 0, 0, 0, 0, 1, 1, 1, 1, 1, 0, 0, 1, 1, 0, 0, 0, 0, 0, 1, 1, 1, 0, 0, 0, 0, 0, 0, 1, 0, 0, 0, 1, 0, 1, 0, 0, 1, 1, 1, 1, 0, 1, 1, 0, 0, 0, 0, 0, 1, 0, 0, 1, 1, 0, 0, 0, 0, 0, 0, 1, 0, 1, 0, 0, 1, 1, 0, 1, 1, 1, 0, 1, 1, 0, 0, 1, 0, 0, 1, 0, 1, 1, 0, 1, 0, 0, 0, 1, 1, 0, 0, 1, 0, 1, 1, 0, 0, 1, 1, 1, 0, 1, 0, 1, 0, 0, 1, 1, 0, 0, 1, 1, 0, 0, 0, 0, 0, 0, 1, 1, 1, 1, 0, 0, 1, 1, 1, 1, 1, 1, 1, 1, 1, 1, 1, 0, 1, 0, 1, 1, 1, 1, 0, 0, 1, 1, 1, 0, 1, 1, 1, 1, 1, 1, 1, 1, 0, 1, 1, 1, 1, 1, 1, 1, 1, 1, 1, 0, 1, 0, 0, 0, 1, 0, 1, 1, 0, 1, 1, 1, 0, 0, 0, 1, 1, 1, 1, 1, 1, 0, 0, 0, 1, 1, 1, 0, 0, 1, 1, 1, 1, 1, 1, 1, 0, 1, 1, 1, 0, 1, 0, 0, 0, 1, 1, 1, 1, 1, 1, 1, 0, 0, 0, 1, 1, 1, 1, 1, 1, 1, 1, 1, 1, 1, 0, 1, 1, 0, 0, 1, 1, 1, 0, 0, 0, 1, 0, 1, 0, 0, 1, 1, 1, 1, 1, 1, 1, 1, 1, 1, 1, 0, 1, 1, 1, 1, 1, 1, 1, 0, 0, 1, 1, 1, 0, 1, 1, 0, 0, 1, 1, 1, 1, 0, 1, 0, 1, 1, 1, 1, 1, 1, 1, 1, 1, 1, 1, 1, 1, 1, 1, 0, 1, 1, 0, 1, 1, 1, 1, 1, 1, 1, 1, 1, 1, 1, 1, 1, 1, 1, 0, 1, 1, 0, 0, 0, 0, 1, 1, 0, 1, 1, 1, 1, 1, 1, 0, 0, 1, 1, 1, 0, 1, 0, 1, 0, 0, 0, 1, 0, 1, 1, 1, 1, 1, 1, 1, 1, 0, 0, 0, 1, 1, 0, 1, 0, 0, 0, 1, 1, 1, 1, 1, 1, 1, 0, 0, 1, 1, 1, 0, 1, 1, 1, 0, 1, 1, 0, 1, 1, 0, 1, 1, 1, 1, 1, 1, 1, 1, 1, 1, 1, 0, 1, 1, 1, 1, 1, 1, 1, 1, 0, 0, 1, 1, 1, 1, 1, 1, 1, 1, 1, 0, 0, 0, 1, 1, 1, 1, 1, 1, 1, 1, 1, 0, 0, 1, 1, 1, 1, 1, 1, 1, 1, 1, 0, 1, 1, 1, 1, 0, 0, 0], [1, 1, 1, 1, 1, 1, 1, 1, 0]]
MSR, RV and BI Index : 0.5790416046371.196549169010.263614223987
-------------------------------------------------------------------------------------------------------------------

Chromosome No. 18 : [ 0.64604032  1.44573505  1.3907062  ...,  0.          0.          0.        ]
Objectives (Sil, PBM) : [ 1.22367311  1.22367311]
No. of clusters :  [26, 2]

Predicted Label : [[3, 17, 3, 14, 1, 12, 15, 22, 2, 3, 22, 11, 4, 22, 0, 7, 3, 3, 17, 3, 18, 14, 3, 22, 15, 24, 3, 11, 8, 24, 22, 16, 22, 3, 11, 25, 1, 18, 14, 16, 10, 7, 25, 11, 14, 11, 1, 14, 16, 4, 14, 0, 7, 17, 14, 16, 17, 4, 14, 11, 7, 6, 11, 16, 3, 14, 16, 22, 4, 9, 22, 18, 17, 22, 11, 5, 15, 11, 22, 3, 3, 22, 0, 0, 14, 14, 3, 11, 22, 23, 3, 11, 22, 22, 20, 3, 0, 18, 7, 6, 3, 17, 9, 16, 12, 12, 11, 14, 22, 17, 18, 10, 15, 8, 4, 0, 8, 3, 22, 3, 10, 17, 25, 11, 18, 3, 17, 20, 4, 22, 0, 3, 3, 6, 3, 23, 3, 23, 20, 17, 8, 11, 17, 11, 7, 0, 22, 17, 25, 5, 8, 17, 11, 22, 0, 12, 3, 3, 2, 3, 0, 0, 3, 13, 23, 22, 11, 0, 17, 10, 22, 25, 3, 17, 22, 8, 3, 12, 17, 22, 14, 0, 25, 22, 12, 0, 3, 22, 3, 3, 14, 1, 8, 3, 12, 10, 22, 3, 22, 0, 7, 22, 22, 3, 0, 12, 22, 0, 12, 25, 11, 22, 25, 4, 22, 10, 15, 14, 18, 11, 14, 12, 22, 10, 14, 12, 4, 17, 6, 0, 25, 0, 17, 4, 1, 22, 22, 22, 1, 12, 17, 6, 8, 18, 17, 10, 7, 14, 23, 3, 3, 14, 18, 10, 12, 18, 7, 4, 17, 14, 16, 22, 14, 3, 14, 4, 3, 3, 11, 22, 16, 3, 22, 18, 17, 18, 10, 0, 3, 14, 0, 8, 22, 17, 12, 14, 5, 18, 25, 22, 0, 22, 18, 17, 22, 22, 25, 15, 11, 8, 7, 8, 13, 17, 12, 11, 14, 16, 3, 18, 22, 6, 17, 11, 14, 17, 17, 3, 4, 17, 17, 8, 18, 22, 13, 17, 17, 22, 20, 8, 10, 8, 5, 13, 21, 14, 5, 22, 7, 0, 11, 3, 4, 0, 25, 17, 9, 18, 15, 4, 22, 11, 0, 12, 8, 13, 3, 8, 3, 5, 3, 8, 11, 13, 1, 4, 8, 18, 1, 20, 20, 23, 17, 4, 11, 3, 11, 12, 3, 13, 11, 3, 3, 5, 3, 8, 0, 23, 4, 15, 8, 11, 3, 11, 22, 3, 11, 12, 3, 14, 21, 10, 11, 4, 20, 1, 10, 6, 4, 23, 10, 4, 14, 11, 11, 11, 1, 3, 23, 17, 17, 7, 5, 5, 5, 18, 15, 8, 8, 21, 20, 8, 5, 13, 25, 1, 5, 23, 12, 20, 19, 18, 25, 5, 5, 5, 15, 19, 5, 5, 25, 14, 14, 5, 11, 24, 19, 19, 5, 5, 23, 5, 5, 5, 12, 5, 5, 9, 12, 5, 13, 24, 10, 21, 4, 8, 14, 24, 12, 21, 24, 13, 5, 3, 3, 3, 3, 3, 3, 8, 23, 0, 8, 5, 20, 8, 3, 5, 24, 12, 12, 13, 13, 23, 14, 8, 5, 17, 18, 3, 23, 5, 3, 19, 24, 14, 3, 22, 3, 11, 22, 3, 3, 3, 19, 3, 23, 5, 3, 11, 3, 12, 13, 24, 12, 3, 22, 1, 15, 23, 6, 4, 5, 11, 3, 3, 3, 22, 3, 3, 25, 3, 3, 17, 12, 10, 12, 3, 11, 25, 3, 3, 11, 11, 22, 3, 12, 12, 23, 21, 8, 12, 3, 7, 5, 12, 14, 17, 5, 14, 3, 3, 4, 3, 4, 3, 13, 3, 25, 18, 12, 5, 8, 10, 5, 18, 25, 9, 11, 24, 4, 3, 3, 3, 3, 4, 19, 8, 5, 15, 14, 15, 20, 5, 4, 3, 8, 14, 23, 23, 25, 4, 5, 5, 5, 3, 3, 8, 20, 3, 8, 8, 9, 3, 15, 11, 3, 3, 3, 3, 3, 7, 12, 8, 11, 3, 11, 11, 1, 8, 5, 3, 16, 25, 12, 1, 22, 5, 11, 4, 11, 5, 8, 20, 0, 12, 3, 8, 8, 8, 8, 6, 5, 2, 8, 12, 23, 23, 23, 20, 25, 14, 12], [0, 1, 0, 1, 1, 0, 1, 1, 1]]
MSR, RV and BI Index : 1.22367310841.22367310840.550293612751
-------------------------------------------------------------------------------------------------------------------

Chromosome No. 19 : [-0.97076271 -0.60618614 -0.62359049 ...,  0.          0.          0.        ]
Objectives (Sil, PBM) : [ 1.21253919  1.21253919]
No. of clusters :  [21, 2]

Predicted Label : [[2, 6, 7, 14, 2, 19, 0, 7, 16, 20, 7, 8, 10, 7, 1, 6, 20, 2, 12, 2, 1, 4, 20, 7, 10, 20, 2, 8, 16, 8, 7, 14, 7, 20, 8, 11, 2, 1, 6, 18, 6, 6, 11, 5, 6, 5, 2, 14, 9, 10, 14, 3, 6, 14, 14, 9, 6, 12, 14, 5, 14, 15, 5, 17, 2, 15, 3, 7, 2, 3, 7, 1, 12, 7, 5, 2, 7, 8, 7, 20, 2, 7, 3, 3, 6, 19, 2, 8, 7, 13, 2, 5, 7, 7, 13, 2, 3, 19, 15, 10, 2, 6, 3, 17, 12, 19, 5, 4, 7, 12, 1, 6, 2, 0, 9, 3, 0, 7, 7, 2, 14, 6, 19, 5, 1, 8, 12, 0, 2, 7, 19, 20, 20, 2, 20, 13, 20, 13, 13, 12, 0, 8, 6, 0, 15, 3, 7, 6, 11, 20, 16, 6, 5, 7, 3, 4, 2, 8, 16, 2, 19, 3, 8, 16, 13, 7, 5, 3, 12, 19, 7, 11, 2, 6, 7, 16, 2, 19, 12, 7, 19, 3, 19, 7, 11, 19, 2, 7, 8, 2, 4, 10, 16, 20, 4, 6, 7, 2, 7, 19, 14, 7, 7, 2, 3, 19, 7, 19, 19, 11, 5, 7, 11, 2, 7, 15, 20, 12, 4, 5, 4, 4, 7, 11, 4, 19, 9, 12, 2, 3, 14, 3, 12, 10, 7, 7, 7, 7, 2, 19, 12, 2, 16, 1, 12, 6, 14, 6, 13, 20, 8, 6, 1, 3, 4, 1, 1, 2, 12, 6, 3, 7, 14, 2, 6, 9, 2, 20, 5, 7, 17, 8, 7, 1, 12, 1, 19, 3, 20, 18, 19, 16, 7, 12, 19, 18, 9, 18, 4, 7, 3, 7, 1, 14, 7, 7, 11, 7, 8, 16, 1, 16, 5, 6, 19, 0, 6, 6, 8, 1, 7, 20, 18, 5, 14, 12, 12, 2, 2, 6, 12, 16, 1, 7, 5, 12, 18, 7, 13, 16, 19, 16, 9, 16, 10, 18, 20, 7, 15, 19, 5, 20, 9, 3, 14, 12, 3, 1, 0, 9, 7, 8, 3, 19, 16, 5, 20, 16, 20, 2, 20, 16, 5, 5, 10, 9, 16, 4, 2, 13, 13, 13, 12, 9, 8, 2, 5, 4, 20, 16, 5, 20, 8, 20, 20, 16, 3, 13, 2, 13, 16, 5, 20, 5, 7, 20, 5, 11, 2, 12, 10, 6, 5, 2, 0, 10, 19, 2, 2, 13, 19, 9, 14, 5, 8, 5, 10, 2, 13, 6, 12, 14, 20, 20, 20, 1, 10, 16, 16, 10, 13, 16, 20, 16, 19, 20, 20, 13, 19, 13, 9, 1, 11, 20, 20, 20, 0, 9, 20, 20, 11, 4, 4, 20, 5, 8, 9, 20, 20, 20, 13, 20, 20, 20, 19, 20, 10, 3, 4, 20, 16, 8, 19, 10, 2, 16, 6, 20, 19, 10, 8, 16, 20, 20, 20, 2, 20, 20, 2, 16, 13, 3, 0, 20, 13, 16, 2, 20, 8, 19, 19, 16, 5, 13, 6, 16, 20, 12, 1, 20, 13, 20, 2, 9, 20, 18, 20, 7, 20, 8, 7, 2, 2, 20, 2, 2, 13, 20, 20, 8, 2, 19, 13, 13, 4, 20, 7, 7, 2, 13, 2, 2, 20, 8, 2, 2, 2, 7, 20, 2, 19, 2, 20, 6, 19, 6, 4, 20, 5, 11, 2, 2, 5, 5, 7, 2, 19, 4, 13, 10, 16, 19, 2, 1, 20, 11, 19, 12, 20, 6, 2, 20, 2, 20, 20, 20, 5, 20, 11, 1, 4, 20, 16, 19, 20, 1, 11, 3, 8, 8, 20, 20, 20, 2, 20, 10, 9, 16, 2, 0, 19, 0, 13, 20, 9, 2, 16, 14, 13, 13, 11, 10, 20, 20, 20, 20, 20, 16, 13, 20, 16, 16, 3, 20, 0, 5, 2, 20, 8, 20, 2, 15, 19, 16, 5, 2, 5, 5, 20, 16, 9, 8, 14, 11, 19, 7, 7, 20, 5, 20, 5, 20, 16, 13, 3, 19, 2, 16, 16, 16, 16, 20, 20, 17, 16, 14, 13, 13, 13, 13, 11, 11, 19], [1, 0, 0, 0, 0, 1, 0, 0, 0]]
MSR, RV and BI Index : 1.212539193891.212539193890.548030605395
-------------------------------------------------------------------------------------------------------------------

Chromosome No. 20 : [-0.97076271 -0.60618614 -0.62359049 ...,  0.          0.          0.        ]
Objectives (Sil, PBM) : [ 1.20092212  1.20092212]
No. of clusters :  [21, 2]

Predicted Label : [[2, 6, 7, 14, 2, 19, 0, 7, 16, 20, 7, 8, 10, 7, 1, 6, 20, 2, 12, 2, 1, 4, 20, 7, 10, 20, 2, 8, 16, 8, 7, 14, 7, 20, 8, 11, 2, 1, 6, 18, 6, 6, 11, 5, 6, 5, 2, 14, 9, 10, 14, 3, 6, 14, 14, 9, 6, 12, 14, 5, 14, 15, 5, 17, 2, 15, 3, 7, 2, 3, 7, 1, 12, 7, 5, 2, 7, 8, 7, 20, 2, 7, 3, 3, 6, 19, 2, 8, 7, 13, 2, 5, 7, 7, 13, 2, 3, 19, 15, 10, 2, 6, 3, 17, 12, 19, 5, 4, 7, 12, 1, 6, 2, 0, 9, 3, 0, 7, 7, 2, 14, 6, 19, 5, 1, 8, 12, 0, 2, 7, 19, 20, 20, 2, 20, 13, 20, 13, 13, 12, 0, 8, 6, 0, 15, 3, 7, 6, 11, 20, 16, 6, 5, 7, 3, 4, 2, 8, 16, 2, 19, 3, 8, 16, 13, 7, 5, 3, 12, 19, 7, 11, 2, 6, 7, 16, 2, 19, 12, 7, 19, 3, 19, 7, 11, 19, 2, 7, 8, 2, 4, 10, 16, 20, 4, 6, 7, 2, 7, 19, 14, 7, 7, 2, 3, 19, 7, 19, 19, 11, 5, 7, 11, 2, 7, 15, 20, 12, 4, 5, 4, 4, 7, 11, 4, 19, 9, 12, 2, 3, 14, 3, 12, 10, 7, 7, 7, 7, 2, 19, 12, 2, 16, 1, 12, 6, 14, 6, 13, 20, 8, 6, 1, 3, 4, 1, 1, 2, 12, 6, 3, 7, 14, 2, 6, 9, 2, 20, 5, 7, 17, 8, 7, 1, 12, 1, 19, 3, 20, 18, 19, 16, 7, 12, 19, 18, 9, 18, 4, 7, 3, 7, 1, 14, 7, 7, 11, 7, 8, 16, 1, 16, 5, 6, 19, 0, 6, 6, 8, 1, 7, 20, 18, 5, 14, 12, 12, 2, 2, 6, 12, 16, 1, 7, 5, 12, 18, 7, 13, 16, 19, 16, 9, 16, 10, 18, 20, 7, 15, 19, 5, 20, 9, 3, 14, 12, 3, 1, 0, 9, 7, 8, 3, 19, 16, 5, 20, 16, 20, 2, 20, 16, 5, 5, 10, 9, 16, 4, 2, 13, 13, 13, 12, 9, 8, 2, 5, 4, 20, 16, 5, 20, 8, 20, 20, 16, 3, 13, 2, 13, 16, 5, 20, 5, 7, 20, 5, 11, 2, 12, 10, 6, 5, 2, 0, 10, 19, 2, 2, 13, 19, 9, 14, 5, 8, 5, 10, 2, 13, 6, 12, 14, 20, 20, 20, 1, 10, 16, 16, 10, 13, 16, 20, 16, 19, 20, 20, 13, 19, 13, 9, 1, 11, 20, 20, 20, 0, 9, 20, 20, 11, 4, 4, 20, 5, 8, 9, 20, 20, 20, 13, 20, 20, 20, 19, 20, 10, 3, 4, 20, 16, 8, 19, 10, 2, 16, 6, 20, 19, 10, 8, 16, 20, 20, 20, 2, 20, 20, 2, 16, 13, 3, 0, 20, 13, 16, 2, 20, 8, 19, 19, 16, 5, 13, 6, 16, 20, 12, 1, 20, 13, 20, 2, 9, 20, 18, 20, 7, 20, 8, 7, 2, 2, 20, 2, 2, 13, 20, 20, 8, 2, 19, 13, 13, 4, 20, 7, 7, 2, 13, 2, 2, 20, 8, 2, 2, 2, 7, 20, 2, 19, 2, 20, 6, 19, 6, 4, 20, 5, 11, 2, 2, 5, 5, 7, 2, 19, 4, 13, 10, 16, 19, 2, 1, 20, 11, 19, 12, 20, 6, 2, 20, 2, 20, 20, 20, 5, 20, 11, 1, 4, 20, 16, 19, 20, 1, 11, 3, 8, 8, 20, 20, 20, 2, 20, 10, 9, 16, 2, 0, 19, 0, 13, 20, 9, 2, 16, 14, 13, 13, 11, 10, 20, 20, 20, 20, 20, 16, 13, 20, 16, 16, 3, 20, 0, 5, 2, 20, 8, 20, 2, 15, 19, 16, 5, 2, 5, 5, 20, 16, 9, 8, 14, 11, 19, 7, 7, 20, 5, 20, 5, 20, 16, 13, 3, 19, 2, 16, 16, 16, 16, 20, 20, 17, 16, 14, 13, 13, 13, 13, 11, 11, 19], [0, 1, 0, 1, 1, 0, 1, 1, 1]]
MSR, RV and BI Index : 1.200922118191.200922118190.545644985919
-------------------------------------------------------------------------------------------------------------------

Chromosome No. 21 : [ 1.08483978  1.94234041  1.73613268 ...,  0.          0.          0.        ]
Objectives (Sil, PBM) : [ 1.20759851  1.20759851]
No. of clusters :  [24, 2]

Predicted Label : [[5, 6, 8, 16, 1, 19, 12, 9, 21, 1, 17, 4, 13, 4, 10, 16, 1, 1, 10, 5, 10, 16, 8, 4, 6, 8, 1, 4, 2, 8, 4, 16, 4, 8, 4, 19, 5, 23, 6, 7, 0, 20, 19, 4, 6, 4, 1, 16, 7, 13, 16, 18, 0, 16, 16, 7, 6, 7, 6, 4, 0, 16, 4, 21, 1, 6, 18, 4, 5, 18, 9, 10, 7, 9, 9, 13, 8, 4, 17, 1, 5, 5, 18, 18, 6, 11, 1, 4, 4, 14, 1, 4, 4, 4, 2, 5, 18, 10, 16, 15, 5, 7, 18, 7, 10, 11, 4, 6, 17, 16, 10, 0, 8, 12, 7, 18, 3, 8, 9, 1, 0, 6, 11, 4, 10, 8, 10, 3, 5, 4, 11, 8, 8, 5, 1, 14, 1, 14, 2, 16, 12, 4, 6, 4, 3, 18, 17, 6, 19, 14, 2, 23, 4, 4, 18, 10, 1, 8, 21, 1, 10, 18, 8, 2, 14, 4, 4, 18, 6, 0, 4, 19, 1, 6, 17, 2, 5, 11, 6, 17, 11, 18, 11, 9, 19, 19, 1, 4, 8, 1, 6, 13, 2, 8, 10, 0, 4, 5, 4, 11, 16, 17, 17, 5, 18, 11, 4, 19, 11, 11, 4, 4, 11, 5, 4, 19, 15, 6, 10, 4, 10, 11, 17, 19, 6, 11, 7, 10, 8, 18, 16, 18, 6, 13, 8, 4, 17, 4, 5, 11, 7, 1, 2, 10, 6, 0, 0, 6, 14, 8, 8, 16, 10, 0, 11, 10, 20, 5, 16, 6, 18, 4, 6, 5, 6, 7, 8, 8, 4, 4, 18, 8, 4, 23, 6, 10, 19, 18, 8, 6, 10, 2, 4, 10, 10, 6, 13, 10, 11, 4, 18, 4, 10, 10, 4, 4, 11, 17, 4, 2, 20, 2, 17, 6, 11, 3, 6, 6, 8, 23, 4, 8, 6, 4, 16, 6, 6, 5, 13, 6, 6, 2, 23, 4, 17, 6, 6, 4, 2, 2, 0, 2, 13, 2, 23, 6, 13, 4, 16, 11, 4, 1, 7, 18, 16, 7, 18, 23, 15, 13, 4, 4, 18, 11, 2, 9, 22, 2, 1, 1, 8, 2, 4, 17, 13, 13, 2, 10, 8, 2, 2, 22, 6, 13, 4, 1, 4, 10, 8, 2, 9, 8, 8, 14, 8, 2, 18, 14, 13, 12, 2, 4, 1, 4, 9, 8, 4, 19, 5, 6, 15, 0, 4, 5, 3, 15, 0, 5, 5, 14, 19, 13, 16, 4, 4, 4, 13, 1, 22, 16, 16, 16, 14, 13, 14, 10, 13, 2, 2, 13, 2, 2, 14, 2, 11, 1, 14, 22, 11, 22, 7, 10, 19, 14, 14, 13, 12, 13, 14, 14, 19, 6, 6, 14, 4, 8, 13, 14, 14, 14, 14, 14, 14, 14, 11, 14, 13, 18, 11, 14, 2, 8, 18, 23, 5, 2, 6, 1, 11, 23, 8, 2, 14, 1, 1, 5, 1, 1, 1, 2, 22, 18, 12, 14, 2, 2, 1, 14, 8, 11, 11, 2, 17, 14, 6, 2, 14, 6, 10, 8, 14, 14, 1, 13, 1, 6, 1, 17, 8, 4, 9, 5, 5, 1, 1, 1, 14, 14, 1, 9, 1, 11, 2, 14, 10, 8, 4, 9, 15, 14, 5, 13, 13, 4, 1, 5, 5, 4, 8, 1, 11, 8, 1, 16, 19, 0, 11, 8, 4, 16, 5, 1, 4, 4, 4, 1, 11, 11, 14, 13, 2, 19, 1, 20, 14, 16, 6, 6, 14, 6, 1, 1, 5, 8, 13, 8, 17, 1, 11, 6, 16, 14, 2, 0, 14, 10, 11, 18, 22, 17, 1, 8, 1, 1, 8, 5, 13, 2, 1, 15, 11, 12, 2, 14, 13, 1, 2, 16, 14, 14, 19, 13, 14, 13, 14, 8, 8, 2, 2, 8, 2, 2, 18, 8, 15, 4, 1, 1, 8, 8, 1, 16, 10, 2, 4, 1, 9, 9, 8, 2, 13, 8, 16, 11, 11, 8, 4, 13, 4, 14, 4, 14, 2, 2, 18, 11, 5, 2, 2, 2, 2, 8, 14, 21, 2, 16, 14, 8, 14, 2, 19, 6, 11], [0, 1, 1, 1, 1, 1, 1, 1, 0]]
MSR, RV and BI Index : 1.207598506191.207598506190.547019081052
-------------------------------------------------------------------------------------------------------------------

Chromosome No. 22 : [ 0.46678607 -0.48226223 -0.42454522 ...,  0.63635353  0.88198271
  0.9735279 ]
Objectives (Sil, PBM) : [ 0.58207517  0.86973188]
No. of clusters :  [4, 3]

Predicted Label : [[0, 3, 1, 3, 1, 3, 2, 2, 2, 1, 2, 2, 0, 2, 3, 0, 1, 1, 3, 0, 3, 3, 1, 2, 1, 1, 0, 2, 2, 1, 2, 3, 2, 1, 2, 3, 0, 3, 3, 0, 3, 3, 3, 2, 3, 2, 1, 3, 0, 0, 3, 3, 3, 3, 3, 0, 0, 0, 3, 2, 3, 0, 2, 0, 1, 3, 3, 2, 0, 3, 1, 3, 0, 2, 2, 0, 1, 2, 1, 1, 0, 1, 3, 3, 3, 3, 1, 2, 2, 2, 1, 2, 2, 2, 2, 0, 3, 3, 3, 1, 1, 0, 3, 0, 3, 3, 2, 3, 1, 3, 3, 3, 1, 2, 0, 3, 2, 1, 2, 1, 3, 3, 3, 2, 3, 1, 3, 2, 0, 2, 3, 1, 1, 1, 1, 2, 1, 2, 2, 3, 2, 2, 1, 2, 1, 3, 2, 3, 3, 1, 2, 3, 2, 2, 3, 3, 1, 1, 2, 1, 3, 3, 1, 2, 2, 2, 2, 3, 3, 3, 2, 3, 1, 0, 2, 2, 0, 3, 3, 2, 3, 3, 3, 2, 3, 3, 0, 2, 1, 1, 3, 0, 2, 1, 3, 3, 2, 0, 2, 3, 3, 2, 2, 0, 3, 3, 2, 3, 3, 3, 2, 2, 3, 0, 2, 3, 1, 3, 3, 2, 3, 3, 2, 3, 3, 3, 0, 3, 1, 3, 3, 3, 3, 0, 1, 2, 2, 2, 0, 3, 0, 1, 2, 3, 3, 3, 3, 3, 2, 1, 1, 3, 3, 3, 3, 3, 3, 0, 3, 1, 3, 2, 3, 0, 1, 0, 1, 1, 2, 2, 3, 1, 2, 3, 3, 3, 3, 3, 1, 1, 3, 2, 2, 3, 3, 1, 0, 3, 3, 2, 3, 2, 3, 3, 2, 2, 3, 1, 2, 2, 3, 2, 2, 3, 3, 2, 3, 3, 1, 3, 2, 1, 0, 2, 3, 3, 3, 0, 0, 3, 3, 2, 3, 2, 2, 3, 3, 2, 2, 2, 3, 2, 0, 2, 1, 3, 0, 2, 3, 3, 2, 1, 0, 3, 3, 3, 3, 3, 1, 0, 2, 2, 3, 3, 2, 2, 1, 2, 1, 0, 1, 2, 2, 2, 1, 0, 2, 3, 1, 2, 2, 1, 3, 0, 2, 1, 2, 3, 1, 2, 2, 1, 1, 1, 1, 2, 3, 2, 0, 1, 2, 2, 1, 2, 1, 1, 2, 3, 0, 3, 1, 3, 2, 0, 2, 1, 3, 1, 0, 2, 3, 0, 3, 2, 2, 2, 0, 1, 1, 3, 3, 3, 1, 1, 0, 3, 0, 2, 2, 0, 2, 2, 0, 2, 3, 1, 0, 1, 3, 2, 0, 3, 3, 0, 0, 0, 1, 0, 1, 1, 3, 3, 3, 1, 2, 1, 0, 0, 1, 0, 2, 1, 1, 0, 3, 0, 0, 3, 3, 0, 2, 1, 3, 3, 0, 2, 3, 1, 3, 0, 1, 2, 1, 1, 1, 0, 1, 1, 1, 2, 1, 3, 2, 0, 2, 2, 0, 0, 1, 3, 3, 2, 2, 1, 3, 2, 1, 3, 3, 1, 2, 1, 1, 0, 1, 3, 1, 2, 1, 2, 2, 0, 0, 1, 0, 0, 2, 0, 1, 2, 0, 3, 2, 2, 3, 1, 2, 1, 1, 2, 1, 0, 0, 2, 0, 0, 0, 2, 1, 1, 3, 1, 1, 3, 3, 3, 3, 1, 2, 3, 0, 0, 2, 2, 2, 0, 3, 3, 2, 0, 2, 3, 1, 3, 0, 3, 3, 3, 0, 3, 0, 1, 0, 1, 0, 1, 2, 1, 3, 3, 3, 1, 2, 3, 0, 3, 3, 3, 2, 2, 1, 1, 1, 0, 1, 0, 0, 2, 0, 1, 3, 2, 2, 1, 0, 0, 2, 3, 2, 1, 3, 1, 1, 0, 1, 1, 1, 2, 2, 1, 2, 2, 3, 1, 1, 2, 1, 1, 1, 1, 0, 0, 3, 2, 2, 1, 2, 2, 1, 2, 0, 1, 3, 3, 3, 1, 2, 0, 2, 1, 2, 0, 2, 2, 3, 3, 1, 2, 2, 2, 2, 1, 1, 2, 2, 3, 2, 1, 1, 2, 3, 3, 3], [2, 1, 1, 0, 1, 2, 2, 1, 1]]
MSR, RV and BI Index : 0.5820751697510.8697318817290.311314780177
-------------------------------------------------------------------------------------------------------------------

Chromosome No. 23 : [ 1.08483978  1.94234041  1.73613268 ...,  0.63635353  0.88198271
  0.9735279 ]
Objectives (Sil, PBM) : [ 0.75192453  1.17078266]
No. of clusters :  [24, 3]

Predicted Label : [[5, 6, 8, 16, 1, 19, 12, 9, 21, 1, 17, 4, 13, 4, 10, 16, 1, 1, 10, 5, 10, 16, 8, 4, 6, 8, 1, 4, 2, 8, 4, 16, 4, 8, 4, 19, 5, 23, 6, 7, 0, 20, 19, 4, 6, 4, 1, 16, 7, 13, 16, 18, 0, 16, 16, 7, 6, 7, 6, 4, 0, 16, 4, 21, 1, 6, 18, 4, 5, 18, 9, 10, 7, 9, 9, 13, 8, 4, 17, 1, 5, 5, 18, 18, 6, 11, 1, 4, 4, 14, 1, 4, 4, 4, 2, 5, 18, 10, 16, 15, 5, 7, 18, 7, 10, 11, 4, 6, 17, 16, 10, 0, 8, 12, 7, 18, 3, 8, 9, 1, 0, 6, 11, 4, 10, 8, 10, 3, 5, 4, 11, 8, 8, 5, 1, 14, 1, 14, 2, 16, 12, 4, 6, 4, 3, 18, 17, 6, 19, 14, 2, 23, 4, 4, 18, 10, 1, 8, 21, 1, 10, 18, 8, 2, 14, 4, 4, 18, 6, 0, 4, 19, 1, 6, 17, 2, 5, 11, 6, 17, 11, 18, 11, 9, 19, 19, 1, 4, 8, 1, 6, 13, 2, 8, 10, 0, 4, 5, 4, 11, 16, 17, 17, 5, 18, 11, 4, 19, 11, 11, 4, 4, 11, 5, 4, 19, 15, 6, 10, 4, 10, 11, 17, 19, 6, 11, 7, 10, 8, 18, 16, 18, 6, 13, 8, 4, 17, 4, 5, 11, 7, 1, 2, 10, 6, 0, 0, 6, 14, 8, 8, 16, 10, 0, 11, 10, 20, 5, 16, 6, 18, 4, 6, 5, 6, 7, 8, 8, 4, 4, 18, 8, 4, 23, 6, 10, 19, 18, 8, 6, 10, 2, 4, 10, 10, 6, 13, 10, 11, 4, 18, 4, 10, 10, 4, 4, 11, 17, 4, 2, 20, 2, 17, 6, 11, 3, 6, 6, 8, 23, 4, 8, 6, 4, 16, 6, 6, 5, 13, 6, 6, 2, 23, 4, 17, 6, 6, 4, 2, 2, 0, 2, 13, 2, 23, 6, 13, 4, 16, 11, 4, 1, 7, 18, 16, 7, 18, 23, 15, 13, 4, 4, 18, 11, 2, 9, 22, 2, 1, 1, 8, 2, 4, 17, 13, 13, 2, 10, 8, 2, 2, 22, 6, 13, 4, 1, 4, 10, 8, 2, 9, 8, 8, 14, 8, 2, 18, 14, 13, 12, 2, 4, 1, 4, 9, 8, 4, 19, 5, 6, 15, 0, 4, 5, 3, 15, 0, 5, 5, 14, 19, 13, 16, 4, 4, 4, 13, 1, 22, 16, 16, 16, 14, 13, 14, 10, 13, 2, 2, 13, 2, 2, 14, 2, 11, 1, 14, 22, 11, 22, 7, 10, 19, 14, 14, 13, 12, 13, 14, 14, 19, 6, 6, 14, 4, 8, 13, 14, 14, 14, 14, 14, 14, 14, 11, 14, 13, 18, 11, 14, 2, 8, 18, 23, 5, 2, 6, 1, 11, 23, 8, 2, 14, 1, 1, 5, 1, 1, 1, 2, 22, 18, 12, 14, 2, 2, 1, 14, 8, 11, 11, 2, 17, 14, 6, 2, 14, 6, 10, 8, 14, 14, 1, 13, 1, 6, 1, 17, 8, 4, 9, 5, 5, 1, 1, 1, 14, 14, 1, 9, 1, 11, 2, 14, 10, 8, 4, 9, 15, 14, 5, 13, 13, 4, 1, 5, 5, 4, 8, 1, 11, 8, 1, 16, 19, 0, 11, 8, 4, 16, 5, 1, 4, 4, 4, 1, 11, 11, 14, 13, 2, 19, 1, 20, 14, 16, 6, 6, 14, 6, 1, 1, 5, 8, 13, 8, 17, 1, 11, 6, 16, 14, 2, 0, 14, 10, 11, 18, 22, 17, 1, 8, 1, 1, 8, 5, 13, 2, 1, 15, 11, 12, 2, 14, 13, 1, 2, 16, 14, 14, 19, 13, 14, 13, 14, 8, 8, 2, 2, 8, 2, 2, 18, 8, 15, 4, 1, 1, 8, 8, 1, 16, 10, 2, 4, 1, 9, 9, 8, 2, 13, 8, 16, 11, 11, 8, 4, 13, 4, 14, 4, 14, 2, 2, 18, 11, 5, 2, 2, 2, 2, 8, 14, 21, 2, 16, 14, 8, 14, 2, 19, 6, 11], [2, 1, 1, 0, 1, 2, 2, 1, 1]]
MSR, RV and BI Index : 0.7519245289261.170782661160.346384068005
-------------------------------------------------------------------------------------------------------------------

Chromosome No. 24 : [-1.22119144 -0.67772541 -0.66922231 ...,  0.63635353  0.88198271
  0.9735279 ]
Objectives (Sil, PBM) : [ 0.74259989  1.08259763]
No. of clusters :  [19, 3]

Predicted Label : [[16, 7, 16, 14, 16, 18, 2, 10, 9, 1, 0, 15, 2, 10, 4, 14, 1, 16, 7, 17, 7, 8, 15, 0, 2, 6, 1, 15, 0, 6, 10, 4, 10, 15, 15, 18, 17, 7, 7, 14, 4, 7, 8, 0, 7, 0, 16, 7, 14, 2, 14, 11, 7, 14, 4, 14, 7, 17, 14, 0, 8, 14, 0, 14, 16, 8, 4, 10, 13, 11, 10, 7, 14, 10, 0, 3, 16, 15, 10, 1, 16, 10, 4, 11, 7, 7, 16, 5, 0, 15, 16, 0, 10, 0, 15, 16, 11, 18, 8, 2, 16, 14, 11, 9, 7, 18, 0, 7, 10, 7, 7, 8, 10, 0, 17, 4, 12, 16, 10, 16, 8, 7, 8, 0, 4, 16, 7, 12, 13, 10, 18, 15, 5, 16, 1, 15, 1, 15, 15, 14, 0, 15, 7, 0, 14, 4, 0, 7, 18, 1, 0, 7, 0, 10, 4, 4, 16, 16, 9, 16, 4, 11, 16, 0, 15, 0, 0, 18, 7, 8, 10, 4, 16, 7, 0, 0, 17, 18, 7, 10, 18, 11, 18, 10, 18, 18, 1, 0, 16, 16, 7, 3, 0, 15, 4, 8, 0, 16, 0, 18, 4, 0, 0, 6, 18, 18, 0, 18, 18, 4, 0, 0, 18, 17, 10, 8, 2, 7, 7, 0, 7, 4, 0, 8, 7, 18, 14, 7, 5, 4, 4, 4, 7, 3, 10, 10, 10, 0, 16, 18, 7, 16, 0, 7, 7, 4, 8, 7, 15, 15, 16, 7, 7, 18, 4, 7, 8, 13, 7, 7, 4, 0, 7, 16, 7, 14, 16, 15, 0, 0, 4, 16, 10, 7, 7, 7, 18, 11, 5, 14, 4, 0, 0, 7, 7, 14, 3, 7, 4, 0, 11, 0, 7, 4, 0, 0, 4, 10, 15, 0, 8, 0, 0, 7, 18, 12, 7, 4, 16, 7, 0, 15, 14, 0, 14, 7, 7, 16, 3, 7, 7, 0, 7, 0, 0, 7, 7, 0, 15, 0, 8, 0, 3, 0, 2, 7, 3, 10, 14, 18, 0, 5, 14, 4, 4, 14, 11, 7, 5, 13, 10, 15, 18, 18, 0, 0, 5, 0, 1, 3, 15, 0, 0, 0, 3, 13, 0, 4, 10, 15, 15, 9, 7, 17, 15, 1, 0, 4, 15, 0, 0, 15, 16, 1, 15, 0, 4, 15, 13, 15, 0, 0, 13, 0, 10, 15, 0, 8, 16, 7, 2, 8, 0, 17, 12, 10, 8, 16, 13, 15, 18, 13, 14, 0, 15, 0, 5, 1, 3, 7, 7, 4, 1, 13, 1, 7, 3, 0, 0, 3, 15, 0, 1, 0, 18, 6, 1, 15, 18, 5, 17, 7, 18, 13, 13, 3, 1, 3, 1, 1, 4, 7, 7, 1, 0, 6, 3, 6, 1, 1, 15, 1, 1, 1, 18, 6, 3, 11, 18, 13, 0, 6, 18, 2, 17, 0, 7, 6, 18, 2, 6, 0, 1, 1, 1, 17, 1, 1, 16, 0, 15, 4, 0, 1, 15, 0, 1, 1, 6, 18, 18, 0, 0, 15, 7, 0, 1, 7, 7, 15, 15, 1, 16, 13, 6, 7, 13, 0, 15, 15, 10, 16, 16, 1, 1, 1, 15, 1, 1, 15, 1, 18, 15, 6, 4, 15, 0, 10, 2, 15, 14, 6, 3, 15, 1, 16, 16, 0, 15, 16, 18, 16, 1, 7, 18, 8, 18, 15, 0, 4, 16, 1, 0, 0, 0, 13, 7, 7, 15, 3, 0, 18, 1, 7, 1, 7, 7, 7, 13, 7, 1, 1, 17, 15, 13, 15, 0, 1, 18, 7, 4, 1, 0, 18, 1, 7, 18, 11, 15, 15, 13, 15, 1, 1, 15, 17, 3, 0, 6, 5, 4, 15, 15, 1, 13, 1, 0, 14, 15, 13, 18, 13, 1, 3, 3, 15, 15, 0, 15, 15, 0, 0, 11, 15, 5, 0, 1, 1, 16, 15, 1, 14, 7, 0, 0, 16, 0, 0, 15, 0, 3, 16, 14, 18, 18, 10, 10, 13, 0, 13, 0, 1, 0, 15, 18, 18, 16, 0, 0, 0, 0, 15, 1, 9, 0, 7, 15, 15, 5, 15, 4, 7, 7], [2, 1, 1, 0, 1, 2, 2, 1, 1]]
MSR, RV and BI Index : 0.7425998878171.082597630490.356573865708
-------------------------------------------------------------------------------------------------------------------

Chromosome No. 25 : [ 0.64604032  1.44573505  1.3907062  ...,  0.          0.          0.        ]
Objectives (Sil, PBM) : [ 1.18672651  1.18672651]
No. of clusters :  [26, 2]

Predicted Label : [[3, 17, 3, 14, 1, 12, 15, 22, 2, 3, 22, 11, 4, 22, 0, 7, 3, 3, 17, 3, 18, 14, 3, 22, 15, 24, 3, 11, 8, 24, 22, 16, 22, 3, 11, 25, 1, 18, 14, 16, 10, 7, 25, 11, 14, 11, 1, 14, 16, 4, 14, 0, 7, 17, 14, 16, 17, 4, 14, 11, 7, 6, 11, 16, 3, 14, 16, 22, 4, 9, 22, 18, 17, 22, 11, 5, 15, 11, 22, 3, 3, 22, 0, 0, 14, 14, 3, 11, 22, 23, 3, 11, 22, 22, 20, 3, 0, 18, 7, 6, 3, 17, 9, 16, 12, 12, 11, 14, 22, 17, 18, 10, 15, 8, 4, 0, 8, 3, 22, 3, 10, 17, 25, 11, 18, 3, 17, 20, 4, 22, 0, 3, 3, 6, 3, 23, 3, 23, 20, 17, 8, 11, 17, 11, 7, 0, 22, 17, 25, 5, 8, 17, 11, 22, 0, 12, 3, 3, 2, 3, 0, 0, 3, 13, 23, 22, 11, 0, 17, 10, 22, 25, 3, 17, 22, 8, 3, 12, 17, 22, 14, 0, 25, 22, 12, 0, 3, 22, 3, 3, 14, 1, 8, 3, 12, 10, 22, 3, 22, 0, 7, 22, 22, 3, 0, 12, 22, 0, 12, 25, 11, 22, 25, 4, 22, 10, 15, 14, 18, 11, 14, 12, 22, 10, 14, 12, 4, 17, 6, 0, 25, 0, 17, 4, 1, 22, 22, 22, 1, 12, 17, 6, 8, 18, 17, 10, 7, 14, 23, 3, 3, 14, 18, 10, 12, 18, 7, 4, 17, 14, 16, 22, 14, 3, 14, 4, 3, 3, 11, 22, 16, 3, 22, 18, 17, 18, 10, 0, 3, 14, 0, 8, 22, 17, 12, 14, 5, 18, 25, 22, 0, 22, 18, 17, 22, 22, 25, 15, 11, 8, 7, 8, 13, 17, 12, 11, 14, 16, 3, 18, 22, 6, 17, 11, 14, 17, 17, 3, 4, 17, 17, 8, 18, 22, 13, 17, 17, 22, 20, 8, 10, 8, 5, 13, 21, 14, 5, 22, 7, 0, 11, 3, 4, 0, 25, 17, 9, 18, 15, 4, 22, 11, 0, 12, 8, 13, 3, 8, 3, 5, 3, 8, 11, 13, 1, 4, 8, 18, 1, 20, 20, 23, 17, 4, 11, 3, 11, 12, 3, 13, 11, 3, 3, 5, 3, 8, 0, 23, 4, 15, 8, 11, 3, 11, 22, 3, 11, 12, 3, 14, 21, 10, 11, 4, 20, 1, 10, 6, 4, 23, 10, 4, 14, 11, 11, 11, 1, 3, 23, 17, 17, 7, 5, 5, 5, 18, 15, 8, 8, 21, 20, 8, 5, 13, 25, 1, 5, 23, 12, 20, 19, 18, 25, 5, 5, 5, 15, 19, 5, 5, 25, 14, 14, 5, 11, 24, 19, 19, 5, 5, 23, 5, 5, 5, 12, 5, 5, 9, 12, 5, 13, 24, 10, 21, 4, 8, 14, 24, 12, 21, 24, 13, 5, 3, 3, 3, 3, 3, 3, 8, 23, 0, 8, 5, 20, 8, 3, 5, 24, 12, 12, 13, 13, 23, 14, 8, 5, 17, 18, 3, 23, 5, 3, 19, 24, 14, 3, 22, 3, 11, 22, 3, 3, 3, 19, 3, 23, 5, 3, 11, 3, 12, 13, 24, 12, 3, 22, 1, 15, 23, 6, 4, 5, 11, 3, 3, 3, 22, 3, 3, 25, 3, 3, 17, 12, 10, 12, 3, 11, 25, 3, 3, 11, 11, 22, 3, 12, 12, 23, 21, 8, 12, 3, 7, 5, 12, 14, 17, 5, 14, 3, 3, 4, 3, 4, 3, 13, 3, 25, 18, 12, 5, 8, 10, 5, 18, 25, 9, 11, 24, 4, 3, 3, 3, 3, 4, 19, 8, 5, 15, 14, 15, 20, 5, 4, 3, 8, 14, 23, 23, 25, 4, 5, 5, 5, 3, 3, 8, 20, 3, 8, 8, 9, 3, 15, 11, 3, 3, 3, 3, 3, 7, 12, 8, 11, 3, 11, 11, 1, 8, 5, 3, 16, 25, 12, 1, 22, 5, 11, 4, 11, 5, 8, 20, 0, 12, 3, 8, 8, 8, 8, 6, 5, 2, 8, 12, 23, 23, 23, 20, 25, 14, 12], [1, 0, 0, 0, 0, 1, 0, 0, 0]]
MSR, RV and BI Index : 1.186726510841.186726510840.542695442231
-------------------------------------------------------------------------------------------------------------------

Chromosome No. 26 : [-1.18893925 -0.67938068 -0.67152491 ...,  0.49209843  0.76365764
  0.91965387]
Objectives (Sil, PBM) : [ 2.24218414  1.20808344]
No. of clusters :  [26, 3]

Predicted Label : [array([ 8, 13,  7, 21,  8, 19,  0,  7,  9,  8,  0,  7, 12,  0, 20, 23,  8,
        8,  5,  8,  4,  1,  7,  0, 18,  7,  8,  7,  0,  7,  7, 17,  7,  7,
        7,  3, 12,  4, 13, 10, 17, 23, 22,  0, 18,  0,  8, 21, 10, 12, 21,
       14, 17, 21, 21, 10, 13, 10, 18,  0, 17, 23,  0, 14,  8, 23, 14,  0,
        8, 15, 12,  4, 10,  0,  0,  8,  7,  7, 12,  8,  8, 12, 20,  2, 13,
       20,  8,  7,  0,  7,  8,  0,  7,  0,  7,  8,  2, 20, 23, 12,  8, 10,
       15,  9, 25, 11,  0, 18, 12,  5, 25, 17, 12,  0, 10, 14,  0,  7,  0,
        8, 17, 13, 11,  0, 20,  7, 18, 23,  8,  7, 11,  7,  7,  8,  8,  7,
        8,  7,  0, 10,  0,  7, 13,  0, 23,  2,  0, 13,  3,  8,  0,  4,  0,
        7, 24,  1,  8,  7,  9,  8, 20, 15,  7,  0,  7,  0,  0, 24,  5, 11,
        7, 22,  8, 13,  0,  0,  8,  6,  5,  7,  6,  2,  6,  0, 19, 11,  8,
        0,  7,  8,  1,  8,  0,  7,  1, 17,  0,  8,  0, 24, 21,  0,  0,  8,
       24,  3,  0, 19, 19,  3,  0,  0,  3,  8,  0,  1,  8, 18,  1,  0,  1,
        3,  0, 19, 18,  1, 10,  5, 12,  2, 22,  2,  5,  8,  7,  7, 12,  0,
        8, 19,  5, 12,  0, 25, 18, 17, 17, 18,  7,  7,  7, 13, 25, 24,  1,
        4, 11,  8,  5, 13, 14,  0, 18,  8, 13, 10,  7,  7,  0,  0, 14,  7,
        7,  4,  5,  4, 19,  2,  7, 18, 20,  0,  0,  5,  6, 18,  8, 18,  3,
        0,  2,  0,  4, 21,  0,  0,  3, 12,  7,  0, 11,  0,  0, 13,  6,  0,
       13, 14,  7,  4,  0,  7, 18,  0, 21,  5,  5,  8,  8,  4,  5,  0,  4,
        0,  0,  5, 18,  0,  0,  0, 11,  0,  8,  0,  4, 18,  8,  7, 23, 20,
        0,  8, 12,  2, 22, 10,  2, 20,  7, 12,  7,  7, 24,  6,  0,  0,  8,
        0,  8,  8,  7,  0,  0,  0,  7, 12,  0,  1, 12,  0,  0,  7,  5, 12,
        7,  8,  0,  1,  7,  0,  0,  7,  7,  8,  7,  0, 14,  7,  8,  7,  0,
        0,  8,  0,  7,  7,  0, 19,  8, 18, 12, 17,  0, 12,  7, 12, 17, 12,
        8,  7, 19,  8, 21,  0,  7,  0,  8,  8,  7, 16,  5, 21,  8,  8,  8,
       25,  8,  0,  0,  8,  0,  0,  8,  0,  6,  8,  8,  7,  6,  7, 10,  1,
        3,  8,  8,  8,  7,  8,  8,  8,  3,  1,  1,  8,  0,  7,  8,  8,  8,
        8,  7,  8,  8,  8,  6,  8,  8, 15,  1,  8,  0,  7, 25,  4, 12,  0,
       16,  8,  6,  4,  7,  0,  8,  8,  8,  8,  8,  8,  8,  0,  7, 15,  0,
        8,  0,  0,  8,  8,  7,  6,  6,  0,  0,  7, 16,  0,  8, 10,  4,  7,
        7,  8,  8,  8,  8, 18,  8,  0,  7,  7,  0,  8,  8,  8,  8,  8,  7,
        8,  8,  7,  8,  6,  0,  7,  3,  7,  0, 12, 12,  7, 12,  8,  8,  7,
        8,  8,  8,  0,  7,  8,  6,  7,  8, 18, 19, 17,  1,  7,  0, 21,  8,
        8,  0,  0,  0,  8,  6,  1,  7,  8,  0, 19,  8, 16,  8, 16,  6,  5,
        8, 16,  8,  8,  8,  7,  8,  7,  0,  8,  3,  4,  1,  8,  0, 11,  8,
       25,  3, 24,  7,  0,  8,  7,  8,  8,  7, 12,  8,  0,  8,  7, 20,  0,
        0,  8,  8,  8,  0, 21,  7,  7,  3,  8,  8,  8,  8,  7,  7,  0,  0,
        7,  0,  0, 15,  7,  7,  0,  8,  8,  7,  7,  8, 23, 25,  0,  0,  8,
        0,  0,  7,  0,  8,  7, 22,  3, 16,  7,  7,  8,  0,  8,  0,  8,  0,
        0, 24,  6,  8,  0,  0,  0,  0,  7,  8,  9,  0, 16,  7,  7,  7,  0,
       22, 16, 16], dtype=int32), array([2, 1, 1, 2, 1, 2, 2, 1, 0], dtype=int32)]
MSR, RV and BI Index : 2.242184135911.208083444581.01544357004
-------------------------------------------------------------------------------------------------------------------

Chromosome No. 27 : [-0.52123186 -0.61985469 -0.62035199 ...,  0.22916583 -0.34839971
 -0.34839971]
Objectives (Sil, PBM) : [ 2.96897283  1.20998913]
No. of clusters :  [3, 3]

Predicted Label : [array([0, 1, 0, 1, 0, 1, 0, 0, 0, 0, 0, 0, 0, 0, 1, 1, 0, 0, 1, 0, 1, 1, 0,
       0, 0, 0, 0, 0, 0, 0, 0, 1, 0, 0, 0, 1, 0, 1, 1, 1, 1, 1, 1, 0, 1, 0,
       0, 1, 1, 0, 1, 2, 1, 1, 1, 1, 1, 0, 1, 0, 1, 1, 0, 2, 0, 1, 2, 0, 0,
       2, 0, 1, 1, 0, 0, 0, 0, 0, 0, 0, 0, 0, 2, 2, 1, 1, 0, 0, 0, 0, 0, 0,
       0, 0, 0, 0, 2, 1, 1, 0, 0, 1, 2, 0, 1, 1, 0, 1, 0, 1, 1, 1, 0, 0, 0,
       2, 0, 0, 0, 0, 1, 1, 1, 0, 1, 0, 1, 0, 0, 0, 1, 0, 0, 0, 0, 0, 0, 0,
       0, 1, 0, 0, 1, 0, 0, 2, 0, 1, 1, 0, 0, 1, 0, 0, 2, 1, 0, 0, 0, 0, 1,
       2, 0, 0, 0, 0, 0, 2, 1, 1, 0, 1, 0, 1, 0, 0, 0, 1, 1, 0, 1, 2, 1, 0,
       1, 1, 0, 0, 0, 0, 1, 0, 0, 0, 1, 1, 0, 0, 0, 2, 1, 0, 0, 0, 2, 1, 0,
       2, 1, 1, 0, 0, 1, 0, 0, 1, 0, 1, 1, 0, 1, 1, 0, 1, 1, 1, 1, 1, 0, 2,
       1, 2, 1, 0, 0, 0, 0, 0, 0, 1, 1, 0, 0, 1, 1, 1, 1, 1, 0, 0, 0, 1, 1,
       2, 1, 1, 1, 0, 1, 1, 2, 0, 1, 0, 1, 0, 0, 0, 0, 0, 2, 0, 0, 1, 1, 1,
       1, 2, 0, 1, 1, 0, 0, 1, 1, 1, 0, 1, 1, 0, 2, 0, 1, 1, 0, 0, 1, 0, 0,
       0, 1, 0, 0, 1, 1, 0, 1, 1, 0, 1, 0, 0, 1, 0, 1, 1, 1, 0, 0, 1, 1, 0,
       1, 0, 0, 1, 1, 0, 0, 0, 1, 0, 0, 0, 1, 1, 0, 0, 1, 1, 0, 0, 0, 2, 1,
       1, 2, 1, 0, 0, 0, 0, 2, 1, 0, 0, 0, 0, 0, 0, 0, 0, 0, 0, 0, 0, 0, 1,
       0, 0, 0, 0, 1, 0, 0, 0, 0, 1, 0, 0, 0, 0, 0, 0, 0, 0, 2, 0, 0, 0, 0,
       0, 0, 0, 0, 0, 0, 1, 0, 1, 0, 1, 0, 0, 0, 0, 1, 0, 0, 0, 1, 0, 1, 0,
       0, 0, 0, 0, 0, 1, 1, 1, 0, 0, 0, 1, 0, 0, 0, 0, 0, 0, 0, 0, 1, 0, 0,
       0, 1, 0, 0, 1, 1, 0, 0, 0, 0, 0, 0, 0, 1, 1, 1, 0, 0, 0, 0, 0, 0, 0,
       0, 0, 0, 0, 1, 0, 0, 2, 1, 0, 0, 0, 2, 1, 0, 0, 1, 0, 1, 0, 0, 0, 0,
       0, 0, 0, 0, 0, 0, 0, 0, 2, 0, 0, 0, 0, 0, 0, 0, 1, 1, 0, 0, 0, 1, 0,
       0, 1, 1, 0, 0, 0, 0, 0, 0, 1, 0, 0, 0, 0, 0, 0, 0, 0, 0, 0, 0, 0, 0,
       0, 0, 1, 0, 0, 1, 0, 0, 0, 0, 0, 0, 0, 0, 0, 0, 0, 0, 0, 0, 0, 1, 0,
       0, 1, 1, 1, 1, 0, 0, 1, 0, 0, 0, 0, 0, 0, 1, 1, 0, 0, 0, 1, 0, 1, 0,
       1, 1, 1, 0, 1, 0, 0, 0, 0, 0, 0, 0, 0, 1, 1, 1, 0, 0, 1, 0, 1, 1, 2,
       0, 0, 0, 0, 0, 0, 0, 0, 0, 0, 0, 0, 1, 0, 0, 0, 0, 0, 0, 1, 0, 0, 1,
       0, 0, 0, 0, 0, 0, 0, 0, 0, 0, 0, 2, 0, 0, 0, 0, 0, 0, 0, 0, 1, 1, 0,
       0, 0, 0, 0, 0, 0, 0, 0, 1, 1, 1, 0, 0, 0, 0, 0, 0, 0, 0, 0, 2, 1, 0,
       0, 0, 0, 0, 0, 0, 0, 0, 1, 0, 0, 0, 0, 1, 1, 1], dtype=int32), array([0, 0, 0, 1, 0, 1, 1, 0, 2], dtype=int32)]
MSR, RV and BI Index : 2.96897282931.209989134471.34343322462
-------------------------------------------------------------------------------------------------------------------

Chromosome No. 28 : [ 0.38576874  0.11500529  0.11820322 ...,  0.63635353  0.88198271
  0.9735279 ]
Objectives (Sil, PBM) : [ 0.7723372   1.16720587]
No. of clusters :  [2, 3]

Predicted Label : [[1, 0, 1, 0, 1, 0, 1, 1, 1, 1, 1, 1, 0, 1, 0, 0, 1, 1, 0, 1, 0, 0, 1, 1, 0, 1, 1, 1, 1, 1, 1, 0, 1, 1, 1, 0, 1, 0, 0, 0, 0, 0, 0, 1, 0, 1, 1, 0, 0, 0, 0, 0, 0, 0, 0, 0, 0, 0, 0, 1, 0, 0, 1, 0, 1, 0, 0, 1, 1, 0, 1, 0, 0, 1, 1, 1, 1, 1, 1, 1, 1, 1, 0, 0, 0, 0, 1, 1, 1, 1, 1, 1, 1, 1, 1, 1, 0, 0, 0, 1, 1, 0, 0, 0, 0, 0, 1, 0, 1, 0, 0, 0, 1, 1, 0, 0, 1, 1, 1, 1, 0, 0, 0, 1, 0, 1, 0, 1, 1, 1, 0, 1, 1, 1, 1, 1, 1, 1, 1, 0, 1, 1, 0, 1, 0, 0, 1, 0, 0, 1, 1, 0, 1, 1, 0, 0, 1, 1, 1, 1, 0, 0, 1, 1, 1, 1, 1, 0, 0, 0, 1, 0, 1, 0, 1, 1, 1, 0, 0, 1, 0, 0, 0, 1, 0, 0, 1, 1, 1, 1, 0, 1, 1, 1, 0, 0, 1, 1, 1, 0, 0, 1, 1, 1, 0, 0, 1, 0, 0, 0, 1, 1, 0, 0, 1, 0, 1, 0, 0, 1, 0, 0, 1, 0, 0, 0, 0, 0, 1, 0, 0, 0, 0, 0, 1, 1, 1, 1, 1, 0, 0, 1, 1, 0, 0, 0, 0, 0, 1, 1, 1, 0, 0, 0, 0, 0, 0, 1, 0, 0, 0, 1, 0, 1, 0, 0, 1, 1, 1, 1, 0, 1, 1, 0, 0, 0, 0, 0, 1, 0, 0, 1, 1, 0, 0, 0, 0, 0, 0, 1, 0, 1, 0, 0, 1, 1, 0, 1, 1, 1, 0, 1, 1, 0, 0, 1, 0, 0, 1, 0, 1, 1, 0, 1, 0, 0, 0, 1, 1, 0, 0, 1, 0, 1, 1, 0, 0, 1, 1, 1, 0, 1, 0, 1, 0, 0, 1, 1, 0, 0, 1, 1, 0, 0, 0, 0, 0, 0, 1, 1, 1, 1, 0, 0, 1, 1, 1, 1, 1, 1, 1, 1, 1, 1, 1, 0, 1, 0, 1, 1, 1, 1, 0, 0, 1, 1, 1, 0, 1, 1, 1, 1, 1, 1, 1, 1, 0, 1, 1, 1, 1, 1, 1, 1, 1, 1, 1, 0, 1, 0, 0, 0, 1, 0, 1, 1, 0, 1, 1, 1, 0, 0, 0, 1, 1, 1, 1, 1, 1, 0, 0, 0, 1, 1, 1, 0, 0, 1, 1, 1, 1, 1, 1, 1, 0, 1, 1, 1, 0, 1, 0, 0, 0, 1, 1, 1, 1, 1, 1, 1, 0, 0, 0, 1, 1, 1, 1, 1, 1, 1, 1, 1, 1, 1, 0, 1, 1, 0, 0, 1, 1, 1, 0, 0, 0, 1, 0, 1, 0, 0, 1, 1, 1, 1, 1, 1, 1, 1, 1, 1, 1, 0, 1, 1, 1, 1, 1, 1, 1, 0, 0, 1, 1, 1, 0, 1, 1, 0, 0, 1, 1, 1, 1, 0, 1, 0, 1, 1, 1, 1, 1, 1, 1, 1, 1, 1, 1, 1, 1, 1, 1, 0, 1, 1, 0, 1, 1, 1, 1, 1, 1, 1, 1, 1, 1, 1, 1, 1, 1, 1, 0, 1, 1, 0, 0, 0, 0, 1, 1, 0, 1, 1, 1, 1, 1, 1, 0, 0, 1, 1, 1, 0, 1, 0, 1, 0, 0, 0, 1, 0, 1, 1, 1, 1, 1, 1, 1, 1, 0, 0, 0, 1, 1, 0, 1, 0, 0, 0, 1, 1, 1, 1, 1, 1, 1, 0, 0, 1, 1, 1, 0, 1, 1, 1, 0, 1, 1, 0, 1, 1, 0, 1, 1, 1, 1, 1, 1, 1, 1, 1, 1, 1, 0, 1, 1, 1, 1, 1, 1, 1, 1, 0, 0, 1, 1, 1, 1, 1, 1, 1, 1, 1, 0, 0, 0, 1, 1, 1, 1, 1, 1, 1, 1, 1, 0, 0, 1, 1, 1, 1, 1, 1, 1, 1, 1, 0, 1, 1, 1, 1, 0, 0, 0], [2, 1, 1, 0, 1, 2, 2, 1, 1]]
MSR, RV and BI Index : 0.772337201871.16720586740.356374635879
-------------------------------------------------------------------------------------------------------------------

Chromosome No. 29 : [ 0.38576874  0.11500529  0.11820322 ...,  0.          0.          0.        ]
Objectives (Sil, PBM) : [ 1.16755233  1.16755233]
No. of clusters :  [2, 2]

Predicted Label : [[1, 0, 1, 0, 1, 0, 1, 1, 1, 1, 1, 1, 0, 1, 0, 0, 1, 1, 0, 1, 0, 0, 1, 1, 0, 1, 1, 1, 1, 1, 1, 0, 1, 1, 1, 0, 1, 0, 0, 0, 0, 0, 0, 1, 0, 1, 1, 0, 0, 0, 0, 0, 0, 0, 0, 0, 0, 0, 0, 1, 0, 0, 1, 0, 1, 0, 0, 1, 1, 0, 1, 0, 0, 1, 1, 1, 1, 1, 1, 1, 1, 1, 0, 0, 0, 0, 1, 1, 1, 1, 1, 1, 1, 1, 1, 1, 0, 0, 0, 1, 1, 0, 0, 0, 0, 0, 1, 0, 1, 0, 0, 0, 1, 1, 0, 0, 1, 1, 1, 1, 0, 0, 0, 1, 0, 1, 0, 1, 1, 1, 0, 1, 1, 1, 1, 1, 1, 1, 1, 0, 1, 1, 0, 1, 0, 0, 1, 0, 0, 1, 1, 0, 1, 1, 0, 0, 1, 1, 1, 1, 0, 0, 1, 1, 1, 1, 1, 0, 0, 0, 1, 0, 1, 0, 1, 1, 1, 0, 0, 1, 0, 0, 0, 1, 0, 0, 1, 1, 1, 1, 0, 1, 1, 1, 0, 0, 1, 1, 1, 0, 0, 1, 1, 1, 0, 0, 1, 0, 0, 0, 1, 1, 0, 0, 1, 0, 1, 0, 0, 1, 0, 0, 1, 0, 0, 0, 0, 0, 1, 0, 0, 0, 0, 0, 1, 1, 1, 1, 1, 0, 0, 1, 1, 0, 0, 0, 0, 0, 1, 1, 1, 0, 0, 0, 0, 0, 0, 1, 0, 0, 0, 1, 0, 1, 0, 0, 1, 1, 1, 1, 0, 1, 1, 0, 0, 0, 0, 0, 1, 0, 0, 1, 1, 0, 0, 0, 0, 0, 0, 1, 0, 1, 0, 0, 1, 1, 0, 1, 1, 1, 0, 1, 1, 0, 0, 1, 0, 0, 1, 0, 1, 1, 0, 1, 0, 0, 0, 1, 1, 0, 0, 1, 0, 1, 1, 0, 0, 1, 1, 1, 0, 1, 0, 1, 0, 0, 1, 1, 0, 0, 1, 1, 0, 0, 0, 0, 0, 0, 1, 1, 1, 1, 0, 0, 1, 1, 1, 1, 1, 1, 1, 1, 1, 1, 1, 0, 1, 0, 1, 1, 1, 1, 0, 0, 1, 1, 1, 0, 1, 1, 1, 1, 1, 1, 1, 1, 0, 1, 1, 1, 1, 1, 1, 1, 1, 1, 1, 0, 1, 0, 0, 0, 1, 0, 1, 1, 0, 1, 1, 1, 0, 0, 0, 1, 1, 1, 1, 1, 1, 0, 0, 0, 1, 1, 1, 0, 0, 1, 1, 1, 1, 1, 1, 1, 0, 1, 1, 1, 0, 1, 0, 0, 0, 1, 1, 1, 1, 1, 1, 1, 0, 0, 0, 1, 1, 1, 1, 1, 1, 1, 1, 1, 1, 1, 0, 1, 1, 0, 0, 1, 1, 1, 0, 0, 0, 1, 0, 1, 0, 0, 1, 1, 1, 1, 1, 1, 1, 1, 1, 1, 1, 0, 1, 1, 1, 1, 1, 1, 1, 0, 0, 1, 1, 1, 0, 1, 1, 0, 0, 1, 1, 1, 1, 0, 1, 0, 1, 1, 1, 1, 1, 1, 1, 1, 1, 1, 1, 1, 1, 1, 1, 0, 1, 1, 0, 1, 1, 1, 1, 1, 1, 1, 1, 1, 1, 1, 1, 1, 1, 1, 0, 1, 1, 0, 0, 0, 0, 1, 1, 0, 1, 1, 1, 1, 1, 1, 0, 0, 1, 1, 1, 0, 1, 0, 1, 0, 0, 0, 1, 0, 1, 1, 1, 1, 1, 1, 1, 1, 0, 0, 0, 1, 1, 0, 1, 0, 0, 0, 1, 1, 1, 1, 1, 1, 1, 0, 0, 1, 1, 1, 0, 1, 1, 1, 0, 1, 1, 0, 1, 1, 0, 1, 1, 1, 1, 1, 1, 1, 1, 1, 1, 1, 0, 1, 1, 1, 1, 1, 1, 1, 1, 0, 0, 1, 1, 1, 1, 1, 1, 1, 1, 1, 0, 0, 0, 1, 1, 1, 1, 1, 1, 1, 1, 1, 0, 0, 1, 1, 1, 1, 1, 1, 1, 1, 1, 0, 1, 1, 1, 1, 0, 0, 0], [0, 1, 1, 1, 1, 1, 1, 1, 0]]
MSR, RV and BI Index : 1.167552332851.167552332850.538650123992
-------------------------------------------------------------------------------------------------------------------

Chromosome No. 30 : [-1.13323093 -0.6617383  -0.66982191 ...,  0.22916583 -0.34839971
 -0.34839971]
Objectives (Sil, PBM) : [ 2.36138578  1.18098129]
No. of clusters :  [24, 3]

Predicted Label : [array([ 8, 18, 15,  2,  8, 21, 15, 15, 23, 14, 15,  0, 22, 15, 10,  4, 14,
       14, 11,  8, 12,  1, 14, 15, 22, 14, 14,  0,  0, 14, 15,  9, 15, 14,
        0, 17,  8, 12, 18,  7,  9,  4, 17,  0,  2,  0,  8,  2,  7, 22, 19,
       20,  9,  7,  2,  7, 18,  7, 22,  0,  9, 22,  0, 13, 14, 19, 13, 15,
        8,  3, 15, 12,  7, 15,  0,  8, 15,  0, 15, 14,  8, 15, 20, 16, 18,
        5, 14,  0, 15, 14, 14,  0, 15, 15,  0,  8, 16, 10,  6, 22,  8,  7,
        3, 13, 11, 10,  0, 19, 15, 11, 12,  9, 15,  0,  8, 20,  0, 15, 15,
       14,  9, 18, 10,  0, 12, 15, 19,  4,  8, 15, 10, 14, 14,  8, 14, 14,
       14, 14,  0,  7,  0,  0, 18,  0,  4, 20, 15, 19, 17, 14,  0, 18,  0,
       15, 20,  1, 14, 15, 23, 14, 10, 13, 15,  0, 14, 15,  0, 20, 11, 10,
       15,  6, 14, 18, 15,  0,  8,  5, 11, 15,  5,  3,  5, 15, 21, 10, 14,
       15, 15, 14, 19,  8,  0, 14,  1,  9, 15,  8, 15, 20,  9, 15, 15,  8,
       20,  5, 15, 21, 21, 17,  0, 15, 17,  8, 15,  1, 14, 11,  1,  0,  1,
       17, 15,  9, 19,  5,  7, 11, 22, 16,  6,  3, 11,  8, 15, 15, 15, 15,
        8, 21, 11, 22,  0, 12, 19,  9,  9,  2, 14, 14, 15,  2, 12, 20,  1,
       12, 10,  8, 11, 18, 13, 15, 19,  8, 18,  8, 15, 14,  0, 15, 13, 15,
       15, 12, 11, 12, 21,  3, 14, 22, 10,  0, 15, 11,  5, 22,  8, 19, 17,
       15,  3, 15, 12, 19, 15, 15, 17, 15,  0,  0,  4,  0,  0, 18,  5, 15,
       18, 13, 15, 12, 15, 14, 11,  0,  6, 11, 11,  8,  8, 18, 11,  0, 12,
       15,  0, 11, 19, 15,  0,  0, 10,  0,  8,  0,  4, 22, 14, 15,  4, 10,
        0, 14,  8, 20,  6,  7,  3, 12, 14,  8, 15,  0, 20,  5,  0,  0,  8,
        0, 14,  8, 14,  0,  0,  0, 14,  8,  0, 19, 15,  0,  0, 14, 11,  8,
        0,  8,  0,  1, 14,  0,  0, 14, 15, 14, 14,  0, 20, 14,  8, 14,  0,
        0, 14,  0, 15, 14,  0,  9,  8, 19, 22,  9,  0,  8,  0, 15,  9,  8,
        8, 14, 21,  8,  6,  0,  0,  0,  8, 14, 14,  2, 11,  6, 14, 14, 14,
       12,  8,  0,  0,  8,  0,  0, 14,  0,  5, 14, 14, 14,  5,  0,  7,  1,
       17, 14,  8, 14, 14,  8, 14, 14, 17,  1, 19, 14,  0, 14,  8, 14, 14,
       14, 14, 14, 14, 14,  5, 14,  8,  3,  1, 14,  0, 14, 21, 12,  8,  0,
       18, 14,  5, 12, 14,  0, 14, 14, 14,  8, 14, 14, 14,  0, 14, 20,  0,
       14,  0,  0, 14, 14, 14,  5,  5,  0,  0, 14, 18,  0, 14, 11, 12, 14,
       14, 14, 14,  8, 14, 19, 14, 15, 14,  0, 15,  8,  8, 14,  8, 14, 14,
       14, 14,  0, 14,  5,  0, 14, 17, 14, 15, 15,  8, 14, 22,  8, 14,  0,
       14,  8,  8, 15, 14, 14,  5, 15, 14, 19, 21,  9,  1, 14,  0, 17,  8,
       14,  0,  0, 15,  8,  5,  5, 14,  8,  0, 21, 14, 12, 14, 17,  5, 11,
       14, 18, 14, 14,  8, 14,  8, 14,  0, 14, 17, 12,  1, 14,  0, 21, 14,
       12, 17,  3,  0,  0, 14, 14, 14, 14, 14,  8,  8,  0, 14, 14, 10,  0,
        0, 14,  8, 14,  0,  6, 14, 14, 17,  8, 14, 14, 14, 14, 14,  0,  0,
       14,  0,  0,  3, 14, 14,  0, 14, 14, 15, 14, 14,  4, 12,  0,  0, 14,
        0,  0, 14,  0,  8, 15,  6, 17,  5, 15, 15,  8,  0, 14,  0, 14,  0,
        0, 20,  5,  8,  0,  0,  0,  0, 14, 14, 23,  0,  2, 14, 14, 14,  0,
       17, 17, 17], dtype=int32), array([1, 1, 1, 1, 0, 1, 1, 0, 2], dtype=int32)]
MSR, RV and BI Index : 2.361385777771.18098128821.08271711937
-------------------------------------------------------------------------------------------------------------------

Chromosome No. 31 : [-0.97076271 -0.60618614 -0.62359049 ...,  0.63635353  0.88198271
  0.9735279 ]
Objectives (Sil, PBM) : [ 0.81543368  1.16518603]
No. of clusters :  [21, 3]

Predicted Label : [[2, 6, 7, 14, 2, 19, 0, 7, 16, 20, 7, 8, 10, 7, 1, 6, 20, 2, 12, 2, 1, 4, 20, 7, 10, 20, 2, 8, 16, 8, 7, 14, 7, 20, 8, 11, 2, 1, 6, 18, 6, 6, 11, 5, 6, 5, 2, 14, 9, 10, 14, 3, 6, 14, 14, 9, 6, 12, 14, 5, 14, 15, 5, 17, 2, 15, 3, 7, 2, 3, 7, 1, 12, 7, 5, 2, 7, 8, 7, 20, 2, 7, 3, 3, 6, 19, 2, 8, 7, 13, 2, 5, 7, 7, 13, 2, 3, 19, 15, 10, 2, 6, 3, 17, 12, 19, 5, 4, 7, 12, 1, 6, 2, 0, 9, 3, 0, 7, 7, 2, 14, 6, 19, 5, 1, 8, 12, 0, 2, 7, 19, 20, 20, 2, 20, 13, 20, 13, 13, 12, 0, 8, 6, 0, 15, 3, 7, 6, 11, 20, 16, 6, 5, 7, 3, 4, 2, 8, 16, 2, 19, 3, 8, 16, 13, 7, 5, 3, 12, 19, 7, 11, 2, 6, 7, 16, 2, 19, 12, 7, 19, 3, 19, 7, 11, 19, 2, 7, 8, 2, 4, 10, 16, 20, 4, 6, 7, 2, 7, 19, 14, 7, 7, 2, 3, 19, 7, 19, 19, 11, 5, 7, 11, 2, 7, 15, 20, 12, 4, 5, 4, 4, 7, 11, 4, 19, 9, 12, 2, 3, 14, 3, 12, 10, 7, 7, 7, 7, 2, 19, 12, 2, 16, 1, 12, 6, 14, 6, 13, 20, 8, 6, 1, 3, 4, 1, 1, 2, 12, 6, 3, 7, 14, 2, 6, 9, 2, 20, 5, 7, 17, 8, 7, 1, 12, 1, 19, 3, 20, 18, 19, 16, 7, 12, 19, 18, 9, 18, 4, 7, 3, 7, 1, 14, 7, 7, 11, 7, 8, 16, 1, 16, 5, 6, 19, 0, 6, 6, 8, 1, 7, 20, 18, 5, 14, 12, 12, 2, 2, 6, 12, 16, 1, 7, 5, 12, 18, 7, 13, 16, 19, 16, 9, 16, 10, 18, 20, 7, 15, 19, 5, 20, 9, 3, 14, 12, 3, 1, 0, 9, 7, 8, 3, 19, 16, 5, 20, 16, 20, 2, 20, 16, 5, 5, 10, 9, 16, 4, 2, 13, 13, 13, 12, 9, 8, 2, 5, 4, 20, 16, 5, 20, 8, 20, 20, 16, 3, 13, 2, 13, 16, 5, 20, 5, 7, 20, 5, 11, 2, 12, 10, 6, 5, 2, 0, 10, 19, 2, 2, 13, 19, 9, 14, 5, 8, 5, 10, 2, 13, 6, 12, 14, 20, 20, 20, 1, 10, 16, 16, 10, 13, 16, 20, 16, 19, 20, 20, 13, 19, 13, 9, 1, 11, 20, 20, 20, 0, 9, 20, 20, 11, 4, 4, 20, 5, 8, 9, 20, 20, 20, 13, 20, 20, 20, 19, 20, 10, 3, 4, 20, 16, 8, 19, 10, 2, 16, 6, 20, 19, 10, 8, 16, 20, 20, 20, 2, 20, 20, 2, 16, 13, 3, 0, 20, 13, 16, 2, 20, 8, 19, 19, 16, 5, 13, 6, 16, 20, 12, 1, 20, 13, 20, 2, 9, 20, 18, 20, 7, 20, 8, 7, 2, 2, 20, 2, 2, 13, 20, 20, 8, 2, 19, 13, 13, 4, 20, 7, 7, 2, 13, 2, 2, 20, 8, 2, 2, 2, 7, 20, 2, 19, 2, 20, 6, 19, 6, 4, 20, 5, 11, 2, 2, 5, 5, 7, 2, 19, 4, 13, 10, 16, 19, 2, 1, 20, 11, 19, 12, 20, 6, 2, 20, 2, 20, 20, 20, 5, 20, 11, 1, 4, 20, 16, 19, 20, 1, 11, 3, 8, 8, 20, 20, 20, 2, 20, 10, 9, 16, 2, 0, 19, 0, 13, 20, 9, 2, 16, 14, 13, 13, 11, 10, 20, 20, 20, 20, 20, 16, 13, 20, 16, 16, 3, 20, 0, 5, 2, 20, 8, 20, 2, 15, 19, 16, 5, 2, 5, 5, 20, 16, 9, 8, 14, 11, 19, 7, 7, 20, 5, 20, 5, 20, 16, 13, 3, 19, 2, 16, 16, 16, 16, 20, 20, 17, 16, 14, 13, 13, 13, 13, 11, 11, 19], [2, 1, 1, 0, 1, 2, 2, 1, 1]]
MSR, RV and BI Index : 0.8154336788391.165186027730.376611371216
-------------------------------------------------------------------------------------------------------------------

Chromosome No. 32 : [ 0.38576874  0.11500529  0.11820322 ...,  0.          0.          0.        ]
Objectives (Sil, PBM) : [ 1.15937566  1.15937566]
No. of clusters :  [2, 2]

Predicted Label : [[1, 0, 1, 0, 1, 0, 1, 1, 1, 1, 1, 1, 0, 1, 0, 0, 1, 1, 0, 1, 0, 0, 1, 1, 0, 1, 1, 1, 1, 1, 1, 0, 1, 1, 1, 0, 1, 0, 0, 0, 0, 0, 0, 1, 0, 1, 1, 0, 0, 0, 0, 0, 0, 0, 0, 0, 0, 0, 0, 1, 0, 0, 1, 0, 1, 0, 0, 1, 1, 0, 1, 0, 0, 1, 1, 1, 1, 1, 1, 1, 1, 1, 0, 0, 0, 0, 1, 1, 1, 1, 1, 1, 1, 1, 1, 1, 0, 0, 0, 1, 1, 0, 0, 0, 0, 0, 1, 0, 1, 0, 0, 0, 1, 1, 0, 0, 1, 1, 1, 1, 0, 0, 0, 1, 0, 1, 0, 1, 1, 1, 0, 1, 1, 1, 1, 1, 1, 1, 1, 0, 1, 1, 0, 1, 0, 0, 1, 0, 0, 1, 1, 0, 1, 1, 0, 0, 1, 1, 1, 1, 0, 0, 1, 1, 1, 1, 1, 0, 0, 0, 1, 0, 1, 0, 1, 1, 1, 0, 0, 1, 0, 0, 0, 1, 0, 0, 1, 1, 1, 1, 0, 1, 1, 1, 0, 0, 1, 1, 1, 0, 0, 1, 1, 1, 0, 0, 1, 0, 0, 0, 1, 1, 0, 0, 1, 0, 1, 0, 0, 1, 0, 0, 1, 0, 0, 0, 0, 0, 1, 0, 0, 0, 0, 0, 1, 1, 1, 1, 1, 0, 0, 1, 1, 0, 0, 0, 0, 0, 1, 1, 1, 0, 0, 0, 0, 0, 0, 1, 0, 0, 0, 1, 0, 1, 0, 0, 1, 1, 1, 1, 0, 1, 1, 0, 0, 0, 0, 0, 1, 0, 0, 1, 1, 0, 0, 0, 0, 0, 0, 1, 0, 1, 0, 0, 1, 1, 0, 1, 1, 1, 0, 1, 1, 0, 0, 1, 0, 0, 1, 0, 1, 1, 0, 1, 0, 0, 0, 1, 1, 0, 0, 1, 0, 1, 1, 0, 0, 1, 1, 1, 0, 1, 0, 1, 0, 0, 1, 1, 0, 0, 1, 1, 0, 0, 0, 0, 0, 0, 1, 1, 1, 1, 0, 0, 1, 1, 1, 1, 1, 1, 1, 1, 1, 1, 1, 0, 1, 0, 1, 1, 1, 1, 0, 0, 1, 1, 1, 0, 1, 1, 1, 1, 1, 1, 1, 1, 0, 1, 1, 1, 1, 1, 1, 1, 1, 1, 1, 0, 1, 0, 0, 0, 1, 0, 1, 1, 0, 1, 1, 1, 0, 0, 0, 1, 1, 1, 1, 1, 1, 0, 0, 0, 1, 1, 1, 0, 0, 1, 1, 1, 1, 1, 1, 1, 0, 1, 1, 1, 0, 1, 0, 0, 0, 1, 1, 1, 1, 1, 1, 1, 0, 0, 0, 1, 1, 1, 1, 1, 1, 1, 1, 1, 1, 1, 0, 1, 1, 0, 0, 1, 1, 1, 0, 0, 0, 1, 0, 1, 0, 0, 1, 1, 1, 1, 1, 1, 1, 1, 1, 1, 1, 0, 1, 1, 1, 1, 1, 1, 1, 0, 0, 1, 1, 1, 0, 1, 1, 0, 0, 1, 1, 1, 1, 0, 1, 0, 1, 1, 1, 1, 1, 1, 1, 1, 1, 1, 1, 1, 1, 1, 1, 0, 1, 1, 0, 1, 1, 1, 1, 1, 1, 1, 1, 1, 1, 1, 1, 1, 1, 1, 0, 1, 1, 0, 0, 0, 0, 1, 1, 0, 1, 1, 1, 1, 1, 1, 0, 0, 1, 1, 1, 0, 1, 0, 1, 0, 0, 0, 1, 0, 1, 1, 1, 1, 1, 1, 1, 1, 0, 0, 0, 1, 1, 0, 1, 0, 0, 0, 1, 1, 1, 1, 1, 1, 1, 0, 0, 1, 1, 1, 0, 1, 1, 1, 0, 1, 1, 0, 1, 1, 0, 1, 1, 1, 1, 1, 1, 1, 1, 1, 1, 1, 0, 1, 1, 1, 1, 1, 1, 1, 1, 0, 0, 1, 1, 1, 1, 1, 1, 1, 1, 1, 0, 0, 0, 1, 1, 1, 1, 1, 1, 1, 1, 1, 0, 0, 1, 1, 1, 1, 1, 1, 1, 1, 1, 0, 1, 1, 1, 1, 0, 0, 0], [0, 1, 0, 1, 1, 0, 1, 1, 1]]
MSR, RV and BI Index : 1.15937565511.15937565510.536903179566
-------------------------------------------------------------------------------------------------------------------

Chromosome No. 33 : [-1.22119144 -0.67772541 -0.66922231 ...,  0.          0.          0.        ]
Objectives (Sil, PBM) : [ 1.05430751  1.05430751]
No. of clusters :  [19, 2]

Predicted Label : [[16, 7, 16, 14, 16, 18, 2, 10, 9, 1, 0, 15, 2, 10, 4, 14, 1, 16, 7, 17, 7, 8, 15, 0, 2, 6, 1, 15, 0, 6, 10, 4, 10, 15, 15, 18, 17, 7, 7, 14, 4, 7, 8, 0, 7, 0, 16, 7, 14, 2, 14, 11, 7, 14, 4, 14, 7, 17, 14, 0, 8, 14, 0, 14, 16, 8, 4, 10, 13, 11, 10, 7, 14, 10, 0, 3, 16, 15, 10, 1, 16, 10, 4, 11, 7, 7, 16, 5, 0, 15, 16, 0, 10, 0, 15, 16, 11, 18, 8, 2, 16, 14, 11, 9, 7, 18, 0, 7, 10, 7, 7, 8, 10, 0, 17, 4, 12, 16, 10, 16, 8, 7, 8, 0, 4, 16, 7, 12, 13, 10, 18, 15, 5, 16, 1, 15, 1, 15, 15, 14, 0, 15, 7, 0, 14, 4, 0, 7, 18, 1, 0, 7, 0, 10, 4, 4, 16, 16, 9, 16, 4, 11, 16, 0, 15, 0, 0, 18, 7, 8, 10, 4, 16, 7, 0, 0, 17, 18, 7, 10, 18, 11, 18, 10, 18, 18, 1, 0, 16, 16, 7, 3, 0, 15, 4, 8, 0, 16, 0, 18, 4, 0, 0, 6, 18, 18, 0, 18, 18, 4, 0, 0, 18, 17, 10, 8, 2, 7, 7, 0, 7, 4, 0, 8, 7, 18, 14, 7, 5, 4, 4, 4, 7, 3, 10, 10, 10, 0, 16, 18, 7, 16, 0, 7, 7, 4, 8, 7, 15, 15, 16, 7, 7, 18, 4, 7, 8, 13, 7, 7, 4, 0, 7, 16, 7, 14, 16, 15, 0, 0, 4, 16, 10, 7, 7, 7, 18, 11, 5, 14, 4, 0, 0, 7, 7, 14, 3, 7, 4, 0, 11, 0, 7, 4, 0, 0, 4, 10, 15, 0, 8, 0, 0, 7, 18, 12, 7, 4, 16, 7, 0, 15, 14, 0, 14, 7, 7, 16, 3, 7, 7, 0, 7, 0, 0, 7, 7, 0, 15, 0, 8, 0, 3, 0, 2, 7, 3, 10, 14, 18, 0, 5, 14, 4, 4, 14, 11, 7, 5, 13, 10, 15, 18, 18, 0, 0, 5, 0, 1, 3, 15, 0, 0, 0, 3, 13, 0, 4, 10, 15, 15, 9, 7, 17, 15, 1, 0, 4, 15, 0, 0, 15, 16, 1, 15, 0, 4, 15, 13, 15, 0, 0, 13, 0, 10, 15, 0, 8, 16, 7, 2, 8, 0, 17, 12, 10, 8, 16, 13, 15, 18, 13, 14, 0, 15, 0, 5, 1, 3, 7, 7, 4, 1, 13, 1, 7, 3, 0, 0, 3, 15, 0, 1, 0, 18, 6, 1, 15, 18, 5, 17, 7, 18, 13, 13, 3, 1, 3, 1, 1, 4, 7, 7, 1, 0, 6, 3, 6, 1, 1, 15, 1, 1, 1, 18, 6, 3, 11, 18, 13, 0, 6, 18, 2, 17, 0, 7, 6, 18, 2, 6, 0, 1, 1, 1, 17, 1, 1, 16, 0, 15, 4, 0, 1, 15, 0, 1, 1, 6, 18, 18, 0, 0, 15, 7, 0, 1, 7, 7, 15, 15, 1, 16, 13, 6, 7, 13, 0, 15, 15, 10, 16, 16, 1, 1, 1, 15, 1, 1, 15, 1, 18, 15, 6, 4, 15, 0, 10, 2, 15, 14, 6, 3, 15, 1, 16, 16, 0, 15, 16, 18, 16, 1, 7, 18, 8, 18, 15, 0, 4, 16, 1, 0, 0, 0, 13, 7, 7, 15, 3, 0, 18, 1, 7, 1, 7, 7, 7, 13, 7, 1, 1, 17, 15, 13, 15, 0, 1, 18, 7, 4, 1, 0, 18, 1, 7, 18, 11, 15, 15, 13, 15, 1, 1, 15, 17, 3, 0, 6, 5, 4, 15, 15, 1, 13, 1, 0, 14, 15, 13, 18, 13, 1, 3, 3, 15, 15, 0, 15, 15, 0, 0, 11, 15, 5, 0, 1, 1, 16, 15, 1, 14, 7, 0, 0, 16, 0, 0, 15, 0, 3, 16, 14, 18, 18, 10, 10, 13, 0, 13, 0, 1, 0, 15, 18, 18, 16, 0, 0, 0, 0, 15, 1, 9, 0, 7, 15, 15, 5, 15, 4, 7, 7], [1, 0, 0, 0, 0, 1, 0, 0, 0]]
MSR, RV and BI Index : 1.054307512121.054307512120.513217960748
-------------------------------------------------------------------------------------------------------------------

Chromosome No. 34 : [ 0.46678607 -0.48226223 -0.42454522 ...,  0.          0.          0.        ]
Objectives (Sil, PBM) : [ 0.87177208  0.87177208]
No. of clusters :  [4, 2]

Predicted Label : [[0, 3, 1, 3, 1, 3, 2, 2, 2, 1, 2, 2, 0, 2, 3, 0, 1, 1, 3, 0, 3, 3, 1, 2, 1, 1, 0, 2, 2, 1, 2, 3, 2, 1, 2, 3, 0, 3, 3, 0, 3, 3, 3, 2, 3, 2, 1, 3, 0, 0, 3, 3, 3, 3, 3, 0, 0, 0, 3, 2, 3, 0, 2, 0, 1, 3, 3, 2, 0, 3, 1, 3, 0, 2, 2, 0, 1, 2, 1, 1, 0, 1, 3, 3, 3, 3, 1, 2, 2, 2, 1, 2, 2, 2, 2, 0, 3, 3, 3, 1, 1, 0, 3, 0, 3, 3, 2, 3, 1, 3, 3, 3, 1, 2, 0, 3, 2, 1, 2, 1, 3, 3, 3, 2, 3, 1, 3, 2, 0, 2, 3, 1, 1, 1, 1, 2, 1, 2, 2, 3, 2, 2, 1, 2, 1, 3, 2, 3, 3, 1, 2, 3, 2, 2, 3, 3, 1, 1, 2, 1, 3, 3, 1, 2, 2, 2, 2, 3, 3, 3, 2, 3, 1, 0, 2, 2, 0, 3, 3, 2, 3, 3, 3, 2, 3, 3, 0, 2, 1, 1, 3, 0, 2, 1, 3, 3, 2, 0, 2, 3, 3, 2, 2, 0, 3, 3, 2, 3, 3, 3, 2, 2, 3, 0, 2, 3, 1, 3, 3, 2, 3, 3, 2, 3, 3, 3, 0, 3, 1, 3, 3, 3, 3, 0, 1, 2, 2, 2, 0, 3, 0, 1, 2, 3, 3, 3, 3, 3, 2, 1, 1, 3, 3, 3, 3, 3, 3, 0, 3, 1, 3, 2, 3, 0, 1, 0, 1, 1, 2, 2, 3, 1, 2, 3, 3, 3, 3, 3, 1, 1, 3, 2, 2, 3, 3, 1, 0, 3, 3, 2, 3, 2, 3, 3, 2, 2, 3, 1, 2, 2, 3, 2, 2, 3, 3, 2, 3, 3, 1, 3, 2, 1, 0, 2, 3, 3, 3, 0, 0, 3, 3, 2, 3, 2, 2, 3, 3, 2, 2, 2, 3, 2, 0, 2, 1, 3, 0, 2, 3, 3, 2, 1, 0, 3, 3, 3, 3, 3, 1, 0, 2, 2, 3, 3, 2, 2, 1, 2, 1, 0, 1, 2, 2, 2, 1, 0, 2, 3, 1, 2, 2, 1, 3, 0, 2, 1, 2, 3, 1, 2, 2, 1, 1, 1, 1, 2, 3, 2, 0, 1, 2, 2, 1, 2, 1, 1, 2, 3, 0, 3, 1, 3, 2, 0, 2, 1, 3, 1, 0, 2, 3, 0, 3, 2, 2, 2, 0, 1, 1, 3, 3, 3, 1, 1, 0, 3, 0, 2, 2, 0, 2, 2, 0, 2, 3, 1, 0, 1, 3, 2, 0, 3, 3, 0, 0, 0, 1, 0, 1, 1, 3, 3, 3, 1, 2, 1, 0, 0, 1, 0, 2, 1, 1, 0, 3, 0, 0, 3, 3, 0, 2, 1, 3, 3, 0, 2, 3, 1, 3, 0, 1, 2, 1, 1, 1, 0, 1, 1, 1, 2, 1, 3, 2, 0, 2, 2, 0, 0, 1, 3, 3, 2, 2, 1, 3, 2, 1, 3, 3, 1, 2, 1, 1, 0, 1, 3, 1, 2, 1, 2, 2, 0, 0, 1, 0, 0, 2, 0, 1, 2, 0, 3, 2, 2, 3, 1, 2, 1, 1, 2, 1, 0, 0, 2, 0, 0, 0, 2, 1, 1, 3, 1, 1, 3, 3, 3, 3, 1, 2, 3, 0, 0, 2, 2, 2, 0, 3, 3, 2, 0, 2, 3, 1, 3, 0, 3, 3, 3, 0, 3, 0, 1, 0, 1, 0, 1, 2, 1, 3, 3, 3, 1, 2, 3, 0, 3, 3, 3, 2, 2, 1, 1, 1, 0, 1, 0, 0, 2, 0, 1, 3, 2, 2, 1, 0, 0, 2, 3, 2, 1, 3, 1, 1, 0, 1, 1, 1, 2, 2, 1, 2, 2, 3, 1, 1, 2, 1, 1, 1, 1, 0, 0, 3, 2, 2, 1, 2, 2, 1, 2, 0, 1, 3, 3, 3, 1, 2, 0, 2, 1, 2, 0, 2, 2, 3, 3, 1, 2, 2, 2, 2, 1, 1, 2, 2, 3, 2, 1, 1, 2, 3, 3, 3], [0, 1, 0, 1, 1, 0, 1, 1, 1]]
MSR, RV and BI Index : 0.8717720755390.8717720755390.465746918084
-------------------------------------------------------------------------------------------------------------------

Chromosome No. 35 : [ 0.38576874  0.11500529  0.11820322 ...,  0.          0.          0.        ]
Objectives (Sil, PBM) : [ 1.15356538  1.15356538]
No. of clusters :  [2, 2]

Predicted Label : [[1, 0, 1, 0, 1, 0, 1, 1, 1, 1, 1, 1, 0, 1, 0, 0, 1, 1, 0, 1, 0, 0, 1, 1, 0, 1, 1, 1, 1, 1, 1, 0, 1, 1, 1, 0, 1, 0, 0, 0, 0, 0, 0, 1, 0, 1, 1, 0, 0, 0, 0, 0, 0, 0, 0, 0, 0, 0, 0, 1, 0, 0, 1, 0, 1, 0, 0, 1, 1, 0, 1, 0, 0, 1, 1, 1, 1, 1, 1, 1, 1, 1, 0, 0, 0, 0, 1, 1, 1, 1, 1, 1, 1, 1, 1, 1, 0, 0, 0, 1, 1, 0, 0, 0, 0, 0, 1, 0, 1, 0, 0, 0, 1, 1, 0, 0, 1, 1, 1, 1, 0, 0, 0, 1, 0, 1, 0, 1, 1, 1, 0, 1, 1, 1, 1, 1, 1, 1, 1, 0, 1, 1, 0, 1, 0, 0, 1, 0, 0, 1, 1, 0, 1, 1, 0, 0, 1, 1, 1, 1, 0, 0, 1, 1, 1, 1, 1, 0, 0, 0, 1, 0, 1, 0, 1, 1, 1, 0, 0, 1, 0, 0, 0, 1, 0, 0, 1, 1, 1, 1, 0, 1, 1, 1, 0, 0, 1, 1, 1, 0, 0, 1, 1, 1, 0, 0, 1, 0, 0, 0, 1, 1, 0, 0, 1, 0, 1, 0, 0, 1, 0, 0, 1, 0, 0, 0, 0, 0, 1, 0, 0, 0, 0, 0, 1, 1, 1, 1, 1, 0, 0, 1, 1, 0, 0, 0, 0, 0, 1, 1, 1, 0, 0, 0, 0, 0, 0, 1, 0, 0, 0, 1, 0, 1, 0, 0, 1, 1, 1, 1, 0, 1, 1, 0, 0, 0, 0, 0, 1, 0, 0, 1, 1, 0, 0, 0, 0, 0, 0, 1, 0, 1, 0, 0, 1, 1, 0, 1, 1, 1, 0, 1, 1, 0, 0, 1, 0, 0, 1, 0, 1, 1, 0, 1, 0, 0, 0, 1, 1, 0, 0, 1, 0, 1, 1, 0, 0, 1, 1, 1, 0, 1, 0, 1, 0, 0, 1, 1, 0, 0, 1, 1, 0, 0, 0, 0, 0, 0, 1, 1, 1, 1, 0, 0, 1, 1, 1, 1, 1, 1, 1, 1, 1, 1, 1, 0, 1, 0, 1, 1, 1, 1, 0, 0, 1, 1, 1, 0, 1, 1, 1, 1, 1, 1, 1, 1, 0, 1, 1, 1, 1, 1, 1, 1, 1, 1, 1, 0, 1, 0, 0, 0, 1, 0, 1, 1, 0, 1, 1, 1, 0, 0, 0, 1, 1, 1, 1, 1, 1, 0, 0, 0, 1, 1, 1, 0, 0, 1, 1, 1, 1, 1, 1, 1, 0, 1, 1, 1, 0, 1, 0, 0, 0, 1, 1, 1, 1, 1, 1, 1, 0, 0, 0, 1, 1, 1, 1, 1, 1, 1, 1, 1, 1, 1, 0, 1, 1, 0, 0, 1, 1, 1, 0, 0, 0, 1, 0, 1, 0, 0, 1, 1, 1, 1, 1, 1, 1, 1, 1, 1, 1, 0, 1, 1, 1, 1, 1, 1, 1, 0, 0, 1, 1, 1, 0, 1, 1, 0, 0, 1, 1, 1, 1, 0, 1, 0, 1, 1, 1, 1, 1, 1, 1, 1, 1, 1, 1, 1, 1, 1, 1, 0, 1, 1, 0, 1, 1, 1, 1, 1, 1, 1, 1, 1, 1, 1, 1, 1, 1, 1, 0, 1, 1, 0, 0, 0, 0, 1, 1, 0, 1, 1, 1, 1, 1, 1, 0, 0, 1, 1, 1, 0, 1, 0, 1, 0, 0, 0, 1, 0, 1, 1, 1, 1, 1, 1, 1, 1, 0, 0, 0, 1, 1, 0, 1, 0, 0, 0, 1, 1, 1, 1, 1, 1, 1, 0, 0, 1, 1, 1, 0, 1, 1, 1, 0, 1, 1, 0, 1, 1, 0, 1, 1, 1, 1, 1, 1, 1, 1, 1, 1, 1, 0, 1, 1, 1, 1, 1, 1, 1, 1, 0, 0, 1, 1, 1, 1, 1, 1, 1, 1, 1, 0, 0, 0, 1, 1, 1, 1, 1, 1, 1, 1, 1, 0, 0, 1, 1, 1, 1, 1, 1, 1, 1, 1, 0, 1, 1, 1, 1, 0, 0, 0], [1, 0, 0, 0, 0, 1, 0, 0, 0]]
MSR, RV and BI Index : 1.153565383431.153565383430.535653754609
-------------------------------------------------------------------------------------------------------------------
Lower BI-index found for 3th chromosome: 0.147296773875Corresponding MSR: 0.347052604048Corresponding RV: 1.3561453175